%%MatrixMarket matrix array real general
% 
% This is a model file of featurefile,
%    generated by l1_logreg_train ver.0.8.2
% Contents of model:
%    entry   1   : intercept
%    entries 2..m: coefficients
% 
97 1
 1.020283613660822e+01
 0.000000000000000e+00
 0.000000000000000e+00
 0.000000000000000e+00
 0.000000000000000e+00
 0.000000000000000e+00
 0.000000000000000e+00
 0.000000000000000e+00
 0.000000000000000e+00
 0.000000000000000e+00
 0.000000000000000e+00
 0.000000000000000e+00
 0.000000000000000e+00
 0.000000000000000e+00
 0.000000000000000e+00
 0.000000000000000e+00
 0.000000000000000e+00
 0.000000000000000e+00
 0.000000000000000e+00
 0.000000000000000e+00
 0.000000000000000e+00
 0.000000000000000e+00
 0.000000000000000e+00
 0.000000000000000e+00
 0.000000000000000e+00
 0.000000000000000e+00
 0.000000000000000e+00
 0.000000000000000e+00
 0.000000000000000e+00
 0.000000000000000e+00
 0.000000000000000e+00
 0.000000000000000e+00
 0.000000000000000e+00
 0.000000000000000e+00
 0.000000000000000e+00
 0.000000000000000e+00
 0.000000000000000e+00
 0.000000000000000e+00
 0.000000000000000e+00
 0.000000000000000e+00
 0.000000000000000e+00
 0.000000000000000e+00
 0.000000000000000e+00
 0.000000000000000e+00
 0.000000000000000e+00
 0.000000000000000e+00
 0.000000000000000e+00
 0.000000000000000e+00
 0.000000000000000e+00
 0.000000000000000e+00
 0.000000000000000e+00
 0.000000000000000e+00
 0.000000000000000e+00
 0.000000000000000e+00
 0.000000000000000e+00
 0.000000000000000e+00
 0.000000000000000e+00
 0.000000000000000e+00
 0.000000000000000e+00
 0.000000000000000e+00
 0.000000000000000e+00
 0.000000000000000e+00
 0.000000000000000e+00
 0.000000000000000e+00
 0.000000000000000e+00
 0.000000000000000e+00
 0.000000000000000e+00
 0.000000000000000e+00
 0.000000000000000e+00
 0.000000000000000e+00
 0.000000000000000e+00
 0.000000000000000e+00
 0.000000000000000e+00
 0.000000000000000e+00
 0.000000000000000e+00
 0.000000000000000e+00
 0.000000000000000e+00
 0.000000000000000e+00
 0.000000000000000e+00
 0.000000000000000e+00
 0.000000000000000e+00
 0.000000000000000e+00
 0.000000000000000e+00
 0.000000000000000e+00
 0.000000000000000e+00
 0.000000000000000e+00
 0.000000000000000e+00
 0.000000000000000e+00
 0.000000000000000e+00
 0.000000000000000e+00
 0.000000000000000e+00
 0.000000000000000e+00
 0.000000000000000e+00
 0.000000000000000e+00
 0.000000000000000e+00
 0.000000000000000e+00
 0.000000000000000e+00
