362 337 362 238 310 318 206 294 240 295
491 407 605 291 375 389 336 381 413 502
396 292 441 191 319 386 281 384 269 291
496 411 521 201 324 325 331 429 391 439
517 367 652 276 417 483 350 370 407 470
511 389 644 265 475 614 430 364 385 529
302 230 355 159 273 284 221 237 256 234
342 260 371 204 289 330 253 239 241 312
518 474 616 232 328 339 317 418 494 498
421 387 512 275 337 343 309 372 340 527

16 24 64 16 16 48 0 0 48 24
56 24 56 8 24 56 64 40 24 48
32 48 8 40 40 16 40 0 40 24
16 40 40 24 64 56 8 56 24 8
72 40 48 0 8 24 64 64 56 48
56 72 64 40 24 0 0 64 40 72
32 16 40 24 24 0 24 40 32 16
32 16 56 0 24 16 24 8 40 48
64 32 48 32 64 72 8 64 0 0
24 8 48 24 40 72 40 16 0 72

32 48 128 32 32 96 0 0 96 48
112 48 112 16 48 112 128 80 48 96
64 96 16 80 80 32 80 0 80 48
32 80 80 48 128 112 16 112 48 16
144 80 96 0 16 48 128 128 112 96
112 144 128 80 48 0 0 128 80 144
64 32 80 48 48 0 48 80 64 32
64 32 112 0 48 32 48 16 80 96
128 64 96 64 128 144 16 128 0 0
48 16 96 48 80 144 80 32 0 144

error
