23 23 23 23 23 23 23 23 23 23
23 23 23 23 23 23 23 23 23 23
23 23 23 23 23 23 23 23 23 23
23 23 23 23 23 23 23 23 23 23
23 23 23 23 23 23 23 23 23 23
23 23 23 23 23 23 23 23 23 23
23 23 23 23 23 23 23 23 23 23
23 23 23 23 23 23 23 23 23 23
23 23 23 23 23 23 23 23 23 23
23 23 23 23 23 23 23 23 23 23

8 8 8 8 8 8 8 8 8 8
8 8 8 8 8 8 8 8 8 8
8 8 8 8 8 8 8 8 8 8
8 8 8 8 8 8 8 8 8 8
8 8 8 8 8 8 8 8 8 8
8 8 8 8 8 8 8 8 8 8
8 8 8 8 8 8 8 8 8 8
8 8 8 8 8 8 8 8 8 8
8 8 8 8 8 8 8 8 8 8
8 8 8 8 8 8 8 8 8 8

16 16 16 16 16 16 16 16 16 16
16 16 16 16 16 16 16 16 16 16
16 16 16 16 16 16 16 16 16 16
16 16 16 16 16 16 16 16 16 16
16 16 16 16 16 16 16 16 16 16
16 16 16 16 16 16 16 16 16 16
16 16 16 16 16 16 16 16 16 16
16 16 16 16 16 16 16 16 16 16
16 16 16 16 16 16 16 16 16 16
16 16 16 16 16 16 16 16 16 16

error

