%%MatrixMarket matrix array real general
% 
% This is a model file of featurefile,
%    generated by l1_logreg_train ver.0.8.2
% Contents of model:
%    entry   1   : intercept
%    entries 2..m: coefficients
% 
97 1
-3.639606830196652e+00
 0.000000000000000e+00
-3.829966912828640e-02
 0.000000000000000e+00
 0.000000000000000e+00
 0.000000000000000e+00
 0.000000000000000e+00
 0.000000000000000e+00
 0.000000000000000e+00
 5.664069275604624e-01
 0.000000000000000e+00
 9.802404462858282e-01
 0.000000000000000e+00
 3.501401627431965e+00
 0.000000000000000e+00
 0.000000000000000e+00
 2.146108766144415e+00
 0.000000000000000e+00
 4.353648539658741e+00
 0.000000000000000e+00
 0.000000000000000e+00
 0.000000000000000e+00
 0.000000000000000e+00
 0.000000000000000e+00
-1.964662998323489e+00
 0.000000000000000e+00
 0.000000000000000e+00
-2.171189797846309e-01
-2.983433958096109e-02
-1.262617754597853e-01
 0.000000000000000e+00
 0.000000000000000e+00
 4.027403985714702e+00
-2.152657719177400e+00
 0.000000000000000e+00
 0.000000000000000e+00
-3.378991630994442e+00
 0.000000000000000e+00
 0.000000000000000e+00
 0.000000000000000e+00
 0.000000000000000e+00
-1.048476762595768e+00
 0.000000000000000e+00
 0.000000000000000e+00
-3.049344487398169e+00
 0.000000000000000e+00
 1.828158804080633e+00
 2.603227716165131e-01
 0.000000000000000e+00
 0.000000000000000e+00
 0.000000000000000e+00
 6.587301706673465e+00
 0.000000000000000e+00
 3.544650203767993e+00
 0.000000000000000e+00
 2.874373235783841e+00
 0.000000000000000e+00
 0.000000000000000e+00
 0.000000000000000e+00
 0.000000000000000e+00
 0.000000000000000e+00
 0.000000000000000e+00
 8.250533361583598e+00
 0.000000000000000e+00
 2.528351838191024e-01
 5.889193951358751e+00
 1.240631260758397e+00
 6.047561907962667e+00
 4.493391391179777e+00
 4.084182444887427e+00
 0.000000000000000e+00
 1.339516447826825e+00
 3.433673519688933e+00
 0.000000000000000e+00
 3.596954909105597e+00
 7.716522816598236e-01
 7.771146186496056e-01
 2.349560283796323e+00
 0.000000000000000e+00
 0.000000000000000e+00
 0.000000000000000e+00
 0.000000000000000e+00
 0.000000000000000e+00
-4.095715668248579e+00
 0.000000000000000e+00
-1.500462473139290e+00
-1.354130768808522e+00
 0.000000000000000e+00
-7.005499149092789e+00
 0.000000000000000e+00
-5.093144229520250e+00
 0.000000000000000e+00
-5.600961839043045e+00
-6.965592308150769e+00
 0.000000000000000e+00
 0.000000000000000e+00
 0.000000000000000e+00
