[  9.35251108e-02  -2.16487104e-02   5.61562323e-03   1.24541133e-01
  -5.33606008e-02  -3.19085215e-02   3.64781720e-02   3.93282581e-02
  -9.63330842e-02  -4.53607905e-02   7.44444928e-02  -2.50394831e-02
   3.31000437e-02   3.49035483e-02  -1.30967551e-02   2.79869212e-02
  -1.20280251e-01   8.39672290e-02  -1.12317231e-02  -5.08641740e-02
   3.73760754e-02  -2.56531245e-02  -6.96142228e-02  -2.72192372e-02
  -2.78966287e-02   3.69807332e-02   5.18882635e-02   1.96108169e-02
  -2.06628096e-02  -1.07657590e-01  -8.41418660e-02   5.75065737e-02
   1.92738498e-02   2.36009596e-02   1.21334603e-01  -5.99705747e-02
   7.84046916e-03   6.93153130e-02   2.67701525e-02   1.19388406e-01
   1.04301159e-01  -5.31662026e-02   6.38203472e-04   3.20178308e-02
  -8.61730096e-02  -1.02639360e-01  -4.69264992e-02  -3.16998931e-02
   2.56200203e-02  -1.24820759e-01  -5.08065168e-03   1.80192174e-01
  -5.63836552e-02   8.84702795e-03  -9.57948111e-03   8.34776105e-04
   2.38575594e-02   6.61497956e-03   6.60892059e-03   1.67899751e-02
   5.29164786e-03  -2.10407687e-03  -6.39975699e-02  -3.04825952e-02
  -5.81369150e-02   1.04111969e-01  -4.87113898e-02  -1.05402972e-02
  -6.45832441e-02   1.10470368e-01   5.07173016e-02   1.26335834e-02
   1.19848335e-01  -6.82252189e-02   2.35949444e-02   3.82139307e-02
  -5.95671032e-02   3.04583512e-03   4.25021677e-02  -1.67785814e-02
  -3.71623060e-02  -2.53944455e-04   1.73304119e-02  -1.71877192e-01
   1.77222974e-02   9.95222679e-03   1.42841274e-01   4.50579207e-02
  -1.14560777e-02  -9.97252797e-02   1.26698742e-01   1.41968059e-01
   7.81888768e-02  -1.71050478e-03  -6.23539363e-04   4.61855026e-02
   2.00887905e-02  -2.11437433e-03   1.02409630e-02   8.74929230e-02
   4.54699724e-02  -3.18295577e-02   2.51649681e-02   4.87916244e-02
   1.11762274e-02  -4.15618661e-02   4.57902581e-02   5.81846340e-02
   1.54291073e-02   4.36024387e-02   5.84511357e-02  -5.12509105e-02
   1.02523704e-02  -9.21805299e-03   4.51674589e-02  -5.69576070e-05
  -1.85748634e-02   2.01228836e-02   2.95164178e-03   4.24187505e-02
   2.83884947e-02   2.43390598e-02  -3.01205052e-02]
[  8.45027060e-02  -3.48480192e-03   3.25767446e-02   1.44898921e-01
  -7.08481822e-02  -3.20913510e-02   6.41492335e-02   2.43450242e-02
  -9.27407073e-02  -6.86365948e-02   9.92229181e-02  -2.09656811e-02
   3.63102750e-02   2.39919318e-02  -4.86251187e-02   3.72269900e-02
  -1.18009723e-01   8.62604556e-02   3.77632955e-02  -7.90247494e-02
   2.48763684e-02  -6.16409238e-03  -9.97144273e-02  -1.84009826e-02
  -2.38976225e-02   1.68836340e-02   2.62009447e-02   3.21709741e-02
  -2.61570637e-02  -8.86608065e-02  -6.82368622e-02   4.66105315e-02
   3.67367201e-02   1.18590125e-02   1.48822325e-01  -4.68622624e-02
   1.48532359e-02   5.40961224e-02   3.65064258e-02   1.67979471e-01
   1.19886209e-01  -7.56462601e-02   1.08122420e-02   3.45416070e-02
  -5.70158632e-02  -1.06227017e-01  -5.47151394e-02   8.09454064e-05
   1.16831078e-02  -1.00884054e-01  -2.63995115e-02   1.58833098e-01
  -7.39355989e-02   2.03654152e-02  -2.08969793e-02  -2.10415644e-02
   2.96210188e-02  -2.08938814e-02   2.28277656e-03   3.13152510e-02
   4.02864997e-02   1.36119611e-03  -1.09262390e-01  -4.59154745e-02
  -6.23796030e-02   1.17904423e-01  -4.22170921e-02   2.50086384e-02
  -5.77568875e-02   7.66246952e-02   6.25311312e-02   7.18507827e-03
   1.36786784e-01  -5.59117559e-02   1.41361987e-02   5.72083323e-02
  -6.42686165e-02   1.60163082e-02   4.77443407e-03  -1.62501032e-02
  -4.01261579e-02   2.04014283e-02   1.43387056e-02  -1.50876879e-01
   6.79750283e-03   3.27184564e-02   1.08362047e-01   6.89942265e-02
  -4.71328572e-02  -7.32922158e-02   1.15164545e-01   1.26697446e-01
   8.14197071e-02  -9.41616653e-04   3.32969367e-02   2.23194408e-02
   2.05101688e-03  -3.19771900e-02   3.94481654e-03   1.11210749e-01
   2.02733886e-02  -2.71747452e-02   2.81746323e-02   8.43730548e-02
   4.81090075e-03  -7.97624033e-02   7.65990709e-03   7.65003600e-03
   4.51878820e-02   2.38043813e-02   9.99128969e-03  -5.59521610e-02
   8.40552505e-03  -3.63722344e-02   3.85492682e-02   6.55688584e-03
  -3.86689369e-02   6.61588305e-02   1.83021635e-02   1.88631787e-02
   2.81240800e-02   3.17863645e-02  -9.84424260e-03]
[  1.12681451e-01  -3.18416357e-02   2.84211075e-02   2.00962329e-01
  -5.17163370e-02  -2.21589625e-02   3.92967480e-02   4.83716036e-02
  -1.01790592e-01  -3.51274901e-02   8.04412644e-02  -3.84687257e-02
   3.79510545e-02   3.09484010e-02  -2.52666127e-02   2.75414150e-02
  -1.01566712e-01   6.64512728e-02   4.86789605e-02  -7.25730966e-02
   4.32092135e-02   3.98066561e-03  -1.05710377e-01  -2.45814536e-02
  -2.33192523e-02   1.65445043e-02   4.59737072e-02   2.32474152e-02
   1.83311433e-02  -1.11467562e-01  -1.08105629e-01   8.37377512e-02
   4.53676881e-02  -1.13994370e-02   1.08285670e-01  -4.29950730e-02
  -2.61097164e-02   4.46193684e-02   2.31074782e-02   9.24188789e-02
   9.08949249e-02  -1.87639045e-02   1.86093985e-02   4.11152526e-02
  -7.61072415e-02  -1.08416699e-01  -6.75678691e-02  -8.79316474e-03
   3.32809696e-02  -1.39838816e-01  -2.32916550e-02   1.54097108e-01
  -7.21816279e-02   5.24545451e-02  -2.71575223e-02  -6.62368213e-02
   3.52207501e-02  -3.18685456e-02  -1.25016534e-02   3.49210107e-02
   4.86912372e-02  -2.69681196e-02  -8.00724607e-02  -5.26882884e-02
  -6.20994626e-02   1.15974646e-01  -2.75669907e-02  -2.31861100e-04
  -6.83687912e-02   9.10194331e-02   9.61067938e-02   1.24111454e-04
   1.15824226e-01  -5.37935413e-02   1.28153279e-02   5.82482752e-02
  -3.02900623e-02  -1.12156735e-02  -2.44246045e-03  -2.98776633e-02
  -4.86406943e-02   1.20711477e-02   8.27365123e-03  -1.64470541e-01
   1.27620226e-02   3.44010810e-02   1.14265456e-01   6.76677985e-02
  -5.60364062e-03  -9.41452487e-02   1.00801364e-01   1.35437473e-01
   7.68215801e-02   2.81582348e-02   2.02535026e-02   2.72054729e-02
  -1.03470343e-02  -1.43879898e-03   2.30004849e-02   1.11727567e-01
   5.43903863e-02  -3.21899072e-02   1.87101712e-02   1.11694766e-01
   2.39255513e-02  -3.73851874e-02  -2.65893669e-02  -9.73382013e-03
   1.35450957e-02   4.76199258e-02   7.69444445e-03  -3.80168715e-02
   1.59923802e-02  -8.47547210e-03  -7.44337405e-03  -5.65734387e-03
  -3.19196696e-02   5.98353307e-02  -1.50811238e-02   3.96015168e-02
   4.23882039e-02   1.20848513e-02  -5.04739509e-02]
[ 0.11755037 -0.00247796  0.03716     0.16997954 -0.06111968 -0.03375384
  0.05624325  0.0419526  -0.09071861 -0.05375028  0.08783276 -0.02013749
  0.0449289   0.02306633 -0.05309025  0.02909958 -0.11009801  0.08284249
  0.03264426 -0.0764083   0.06207839 -0.02281421 -0.06407022 -0.02335447
 -0.01734245  0.03145894  0.0384335   0.03047723 -0.01750125 -0.11509356
 -0.06858266  0.04486833  0.03861498 -0.03297131  0.11465973 -0.03780631
  0.00980662  0.06094977  0.02159645  0.14308637  0.1415912  -0.05582477
 -0.00090989  0.05617293 -0.05288663 -0.07442574 -0.09757531 -0.03285226
  0.03727182 -0.14093935 -0.00669437  0.10598715 -0.08450801  0.03165527
 -0.0214316   0.00097494 -0.01939248 -0.02633751 -0.00801422  0.03390233
  0.05275809  0.00725544 -0.0894246  -0.05173604 -0.06019432  0.10850492
 -0.04893965  0.02219433 -0.07134682  0.10372203  0.08945108  0.02500107
  0.10896609 -0.0649504   0.00896099  0.06723143 -0.04432668 -0.0039189
  0.0416936  -0.01697735 -0.05770494 -0.00619486 -0.00099282 -0.14902275
 -0.00317074  0.02553685  0.13131114  0.05516996  0.00726494 -0.08407203
  0.07186884  0.12878718  0.09084927 -0.00189094  0.01198529  0.04059234
  0.00136037  0.01087031  0.02507532  0.1050559   0.0343919  -0.0354465
  0.03101064  0.11538369  0.02590664 -0.07621069 -0.0195277  -0.00771735
  0.01684884  0.06315626  0.0053034  -0.0262632   0.00644755 -0.01496381
  0.02791003  0.0019987  -0.04210096  0.04178739  0.02389006  0.01370683
  0.0259326   0.03279809 -0.04746263]
[ 0.09543364 -0.01113844  0.02283644  0.15482002 -0.03741615 -0.00442634
  0.07441359  0.01269318 -0.08663724 -0.03948489  0.07860893 -0.01456054
  0.03513999  0.02856279 -0.048638    0.03176451 -0.06744427  0.06430184
  0.04023371 -0.05053931  0.04736076 -0.0217684  -0.06722608 -0.02489183
 -0.04044407  0.03031346  0.05218432  0.01752558 -0.02393483 -0.08046969
 -0.07174978  0.06572424  0.02006337 -0.02979643  0.10759348 -0.03145652
  0.0052885   0.02152409  0.01976233  0.10172482  0.09644422 -0.02796024
  0.02152789  0.07357301 -0.06850051 -0.13529936 -0.04422106 -0.00080692
  0.00071817 -0.11305494 -0.0008053   0.17240321 -0.08396453  0.0376144
 -0.02820756  0.00237963 -0.00620906 -0.0149915  -0.00976414  0.03748698
  0.01354405  0.06218028 -0.06221154 -0.03899611 -0.06435228  0.10133964
 -0.00979001  0.01891783 -0.06293259  0.10750616  0.08259608  0.01301428
  0.11594042 -0.07362311  0.00544609  0.0484215  -0.04145955 -0.00797831
  0.03409499 -0.01093017 -0.03434896 -0.01751846 -0.00175831 -0.13572669
  0.01053557  0.02750488  0.12992793  0.0417855  -0.02379751 -0.08111555
  0.05266201  0.12776043  0.07727198  0.00250865  0.00131581  0.03891698
  0.00430976  0.02390262  0.04247002  0.07412528  0.03184532 -0.03765959
  0.02861901  0.07102678  0.04328295 -0.08189601 -0.00894129  0.00451346
  0.03443437  0.06113772  0.0074837  -0.03747689 -0.01484083 -0.01858608
  0.01474047 -0.00462856 -0.02677557  0.05655141  0.03419084 -0.00064274
  0.03575459  0.04761451 -0.04819273]
