[  9.18531496e-01   2.27205094e-02  -3.04959914e-02   1.27355189e-01
  -7.03018457e-02  -1.63170998e-02   3.18760339e-02   1.90343700e-01
  -2.40237099e-01  -2.21801688e-01   3.07822807e-02  -1.67273129e-01
   3.74528065e-02  -2.14160846e-01  -1.08963999e-01   4.35524303e-02
  -2.20984677e-01   1.79296891e-01  -4.64379089e-02  -7.84092465e-02
   3.33990943e-01   9.94530403e-02  -3.40694862e-01  -4.43635081e-02
  -3.73025789e-02   2.94831201e-02   5.25642579e-02   2.48602890e-02
   7.58311910e-02  -1.84161423e-01  -1.30280786e-01   9.45563241e-02
   6.16214275e-02   5.13982259e-02   2.89110568e-01  -8.39796550e-02
   9.30932900e-04   9.03121987e-02   8.68162955e-02   4.66173264e-01
   2.52768215e-01   1.58644420e-01  -5.96483883e-01  -1.88140518e-01
  -1.11222576e-01  -1.91734113e-01  -2.17104776e-02  -1.98500517e-02
   7.77057881e-02  -2.24109539e-01  -1.03840445e-01   1.52184004e-01
  -8.37863876e-02   1.12896296e-02   4.55339814e-03  -2.64277403e-02
   5.84625768e-02   3.17533782e-03  -5.90690976e-02   2.33155509e-01
  -2.51394979e-01  -5.96763439e-02  -1.62996229e-01   9.21557951e-02
  -2.44090813e-01   6.97729141e-01  -1.48294353e-01  -2.89967295e-01
  -6.50680941e-01   2.28630850e-01   6.27736301e-02   2.83434309e-02
   1.68994951e-01  -5.23780204e-02   5.15250150e-01   3.22721666e-02
  -9.01587170e-02  -1.94019334e-02   3.97921016e-02  -1.86480471e-02
  -2.19521781e-01   1.62162592e-01  -9.76596912e-03  -2.60889228e-01
  -1.02214125e-01  -8.10748180e-02   4.76502380e-01   2.52357601e-02
  -2.97576431e-02  -1.11834919e-01   1.32508992e-01   1.60251612e-01
   2.00104108e-01   4.63759808e-03  -3.26917063e-02   2.89689203e-02
   3.92402097e-02  -3.07745480e-01  -2.43587450e+01  -3.64287972e-01
   6.92672977e-01  -1.39513240e-01   2.45053054e-02   9.06231159e-02
   2.39115009e+01  -7.70610202e-02   4.53719756e-02   2.11532984e-02
  -2.42382615e-02   6.64162667e-02   9.59018019e-02  -3.79955440e-01
  -1.02968030e-02  -8.43412339e-03   7.44708655e-02  -1.51960021e-02
  -3.36812959e-02   3.42847400e-02   2.87306742e-01  -6.98226297e-02
   3.11810498e-02   4.10696299e-02  -1.96897139e-01]
[  5.60568285e-01   3.45721010e-01   1.54632915e-02   1.30875335e-01
  -1.24465230e-01  -4.67955312e-02   7.69517496e-02   1.51013103e-01
  -1.40351406e-01  -2.82279108e-01   1.03471217e-01  -3.92045280e-01
   4.75058905e-02  -2.29159648e-01  -1.56355502e-01   5.22571115e-02
  -1.90750508e-01   1.76041717e-01   2.20731986e-03  -1.17682798e-01
   2.41413656e-01   3.83517263e-01  -5.86216578e-01  -3.52936499e-02
  -2.31232811e-02   8.47965785e-03   2.69533181e-02   4.24778523e-02
  -4.34555820e-02  -1.35164378e-01  -1.00551465e-01   5.34815640e-02
   9.09908379e-02   4.65418362e-02   3.25528599e-01  -6.46745719e-02
  -7.20420131e-04   7.36359058e-02   1.07927805e-01   4.68378208e-01
   2.60141011e-01   4.46177538e-03  -4.12644978e-01  -1.49768031e-01
  -4.58930112e-03  -3.19869814e-01  -3.05937709e-02   1.11949311e-02
   4.89425280e-02  -1.72268638e-01   3.31258061e-02   1.16082114e-01
  -1.71824110e-01   3.40516087e-02  -1.52822594e-02  -4.26375368e-02
   6.30624862e-02  -8.02589013e-02  -1.25834103e-02   1.60644315e-01
  -7.68104588e-02  -4.81130631e-02  -2.43380898e-01   1.02501913e-01
  -3.08684794e-01   8.12637682e-01  -2.58413641e-01  -1.62682474e-01
  -2.52308664e-01   1.54112635e-01   7.63645177e-02   2.12324092e-02
   1.62922448e-01  -4.49321432e-02   1.17656919e-01   5.13496552e-02
  -9.46218363e-02   4.94073965e-03  -2.27457434e-02  -2.11709056e-02
  -3.86847906e-01   4.56735842e-01  -9.53716528e-02  -2.19051277e-01
  -9.44693063e-02  -3.11670613e-02   3.57702305e-01   5.41185370e-02
  -7.42041754e-02  -8.33271972e-02   1.48187404e-01   1.27030202e-01
   2.05193060e-01   2.42978665e-02   2.63198669e-02  -3.75516111e-03
   5.84168551e-03  -1.15612141e+00  -2.03120074e+01  -4.71705125e-02
   4.05179051e-01  -2.45595928e-01   1.69444751e-03   1.77675641e-01
   2.03048248e+01  -1.12795175e-01  -8.55839270e-03   8.74052954e-02
   1.86731934e-01   4.46212080e-02  -1.43097233e-01  -2.81722139e-01
  -3.19222278e-02  -6.34780643e-02   4.91619513e-02  -1.05472445e-02
  -5.38550979e-02   1.40450102e-01   1.27515970e+00  -4.84817569e-02
   3.73740356e-02   4.10455363e-02  -3.87900958e-01]
[  1.02627583e+00  -4.87874095e-02  -3.49408634e-02   2.25320839e-01
  -8.42737368e-02  -3.83463663e-02   1.50458073e-02   1.58392039e-01
  -2.68511382e-01  -1.53056383e-01   5.80566415e-02  -1.77055299e-01
   4.02885550e-02  -2.88617411e-01  -1.47437635e-01   4.81953808e-02
  -1.43263129e-01   6.42688634e-02   3.19648833e-02  -1.14313146e-01
   3.58986137e-01   3.29529301e-01  -5.63232757e-01  -4.47726157e-02
  -2.40095734e-02   7.42773564e-03   4.87743629e-02   3.06921977e-02
   2.98678764e-01  -2.36757049e-01  -2.08499491e-01   1.86249410e-01
   9.39640196e-02   3.80139352e-03   2.08610171e-01  -5.06205865e-02
  -4.58512431e-02   3.84737691e-02   6.16798435e-02   1.93452911e-01
   2.17706863e-01  -7.66944954e-03  -1.67287178e-01  -9.94473486e-02
  -3.05069260e-02  -3.05933962e-01  -5.89525605e-02   3.57420045e-04
   1.03735641e-01  -2.35410261e-01  -1.97784764e-01   1.02016071e-01
  -1.60389108e-01   6.33972659e-02   9.96549468e-03  -1.38319277e-01
   8.21405394e-02  -1.06190312e-01  -1.27474730e-01   3.34687397e-01
  -9.08581860e-02  -1.51490305e-01  -1.98477286e-01   7.51827644e-02
  -2.55254920e-01   7.09347213e-01  -1.30642384e-01  -2.63517802e-01
  -6.55912999e-01   1.81522428e-01   1.25825286e-01   1.60922003e-02
   1.64231389e-01  -3.52333887e-02   5.16472958e-01   4.98156769e-02
  -5.67837309e-02  -3.64486303e-02  -1.62436695e-02  -3.06524695e-02
  -3.50245331e-01   3.69657941e-01  -7.07418076e-02  -2.17644399e-01
  -8.84158722e-02  -1.90098041e-02   3.60164079e-01   5.04084140e-02
  -3.11394386e-02  -1.01611857e-01   9.09924347e-02   1.62730335e-01
   1.06907603e-01   4.85134395e-02  -5.81173784e-03  -5.10474413e-03
  -5.97975171e-03  -2.22739077e-01  -2.80237588e+01  -1.49046579e-01
   1.02178459e+00  -1.94425067e-01  -3.00385391e-01   3.85764302e-01
   2.76916180e+01  -5.12905612e-02  -1.74652167e-01  -7.51107037e-02
  -5.60659890e-02   9.97285352e-02  -9.57565678e-02  -3.21582557e-01
  -1.67416054e-02  -1.44203727e-02  -1.08756938e-02  -2.49666086e-02
  -4.19313827e-02   1.32206604e-01   3.15863128e-01  -1.00273450e-01
   5.29915179e-02   1.27698656e-02  -3.73528569e-01]
[  1.14072170e+00   3.03560886e-01  -2.20311411e-02   1.77817469e-01
  -7.21092665e-02  -5.13214480e-02   4.99785367e-02   1.55609633e-01
  -2.57710804e-01  -1.80673081e-01   5.06282506e-02  -3.31074407e-01
   5.51957121e-02  -3.31678459e-01  -1.75899153e-01   4.55039747e-02
  -1.99942920e-01   1.12280112e-01   1.54260631e-02  -1.16178297e-01
   4.57379101e-01  -3.58134843e-03  -2.58310969e-01  -3.64950418e-02
  -2.57767093e-02   2.95935923e-02   3.76236596e-02   3.68948954e-02
   2.59123582e-02  -2.30392505e-01  -1.06229388e-01   6.84044977e-02
   7.73663833e-02  -2.80945810e-02   2.21044013e-01  -5.66568343e-02
   2.35294877e-03   8.10005673e-02   7.74628358e-02   5.78006073e-01
   2.80623790e-01   2.34321939e-01  -7.79450765e-01  -8.16303028e-02
  -5.63056290e-02  -1.83002170e-01  -1.03721691e-01  -4.37388069e-02
   1.03856488e-01  -2.40860297e-01  -3.63041413e-02   4.57436844e-02
  -1.76223498e-01   4.18045572e-02  -7.35353439e-03   6.05726516e-03
  -3.31882718e-02  -6.66803193e-02  -7.53742053e-02   1.11253129e-01
   5.09816851e-02  -6.59771807e-02  -1.97525535e-01   3.71753328e-03
  -1.89185047e-01   6.72669623e-01  -1.72253211e-01  -2.20768950e-01
  -5.84304075e-01   1.98631916e-01   8.98312304e-02   3.79381048e-02
   1.34617511e-01  -4.82727169e-02   4.17252107e-01   7.05310127e-02
  -7.31894590e-02  -2.17889484e-02   4.49105307e-02  -1.94648342e-02
  -2.84652739e-01   2.37311618e-01  -4.90421637e-02  -1.84739625e-01
  -1.60529099e-01  -2.53376926e-02   4.25451133e-01   3.19514990e-02
  -7.31385916e-03  -9.39860587e-02   4.76079390e-02   1.45860443e-01
   1.61481008e-01   8.34303304e-03  -7.57145825e-03   1.95148739e-02
   9.97800964e-03  -4.66319697e-01  -1.80193814e+01  -3.37756875e-01
   1.99440898e-01  -3.21414529e-01  -1.11920213e-02   2.49954359e-01
   1.82609486e+01  -9.95287481e-02  -1.26036067e-01  -1.59913306e-02
   6.07449260e-02   8.60419842e-02  -1.25832174e-01  -3.33607139e-01
  -2.74693928e-02  -2.56657339e-02   1.75468941e-02  -2.02169289e-02
  -4.87037745e-02   8.94975782e-02   6.52023541e-01  -4.31004097e-02
   3.68144029e-02   4.51428472e-02  -3.93755126e-01]
[  9.52974197e-01  -1.58362854e-02  -2.91311533e-02   1.62060003e-01
  -3.95094088e-02  -8.04969623e-03   8.60555255e-02   6.03946899e-02
  -2.42356947e-01  -1.00794681e-01   8.67803972e-02  -2.62215487e-02
   3.42607539e-02  -2.54888915e-01  -1.86769209e-01   4.97010323e-02
  -9.41864364e-02   3.12945107e-02   2.31511977e-02  -8.77508542e-02
   3.41549979e-01   7.93500654e-02  -3.07989709e-01  -3.46466431e-02
  -4.95152759e-02   2.61915596e-02   5.36262491e-02   1.99332879e-02
   6.91493575e-05  -1.66251194e-01  -1.23138449e-01   1.03542180e-01
   5.02380384e-02  -2.73949799e-02   2.12665095e-01  -3.88282709e-02
  -4.87823310e-03   2.28607354e-02   5.06701367e-02   1.47953881e-01
   2.32401494e-01  -1.24099394e-01   5.07106916e-03   3.18318710e-02
   6.45438705e-02  -4.17617530e-01  -2.71653655e-02   8.39358354e-03
   3.79322298e-02  -1.80589864e-01  -2.87348595e-02   1.28800406e-01
  -2.28215697e-01   4.53744646e-02  -5.27651069e-03  -4.93667042e-02
   3.08749361e-02  -4.48850523e-02  -1.20594321e-01   3.90235025e-01
  -2.70699417e-01   5.40289108e-02  -1.34212159e-01  -1.04416721e-02
  -1.93236672e-01   5.79722426e-01  -7.89503655e-02  -1.98128860e-01
  -5.58629861e-01   1.93420865e-01   1.01377897e-01   2.13495016e-02
   1.47329324e-01  -6.62659681e-02   4.27729615e-01   4.40858554e-02
  -6.56872618e-02  -2.98543068e-02   2.67510631e-02  -1.82388881e-02
  -8.92172811e-02  -6.53656871e-02   8.78722933e-02  -1.90510932e-01
  -1.16193846e-01  -4.85139430e-02   4.06643598e-01   1.58053591e-02
  -4.74445077e-02  -9.01172208e-02   1.61305750e-02   1.64838127e-01
   1.99861618e-01   1.09117535e-02  -2.69246596e-02   2.26397617e-02
   6.74556446e-03  -2.76423519e-01  -1.75076404e+01  -3.66620993e-01
  -2.53962824e-01  -3.35322487e-01   4.46682750e-02   1.62926551e-01
   1.81972773e+01  -1.19988910e-01  -9.10741053e-02   4.73707739e-02
   1.50801856e-01   9.90463820e-02  -1.62931157e-01  -4.31416598e-01
  -5.49452752e-02  -2.89717303e-02   1.32890885e-02  -2.11092938e-02
  -3.30304891e-02   1.09890183e-01   6.41893310e-01   2.23110014e-02
   3.39464511e-02   6.93374987e-02  -4.17630544e-01]
