%%MatrixMarket matrix array real general
% 
% This is a model file of exs_internetad_X,
%    generated by l1_logreg_train ver.0.8.2
% Contents of model:
%    entry   1   : intercept
%    entries 2..m: coefficients
% 
1431 1
-4.423551162400770e+00
 0.000000000000000e+00
 6.964554212577891e-03
 0.000000000000000e+00
 0.000000000000000e+00
 0.000000000000000e+00
 0.000000000000000e+00
 0.000000000000000e+00
 0.000000000000000e+00
 0.000000000000000e+00
 0.000000000000000e+00
 0.000000000000000e+00
 0.000000000000000e+00
 0.000000000000000e+00
 0.000000000000000e+00
 0.000000000000000e+00
 0.000000000000000e+00
 0.000000000000000e+00
 0.000000000000000e+00
 0.000000000000000e+00
 0.000000000000000e+00
 0.000000000000000e+00
 0.000000000000000e+00
 0.000000000000000e+00
 0.000000000000000e+00
 0.000000000000000e+00
 0.000000000000000e+00
 0.000000000000000e+00
 0.000000000000000e+00
 0.000000000000000e+00
 0.000000000000000e+00
 0.000000000000000e+00
 0.000000000000000e+00
 0.000000000000000e+00
 0.000000000000000e+00
 0.000000000000000e+00
 0.000000000000000e+00
 0.000000000000000e+00
 0.000000000000000e+00
 0.000000000000000e+00
 0.000000000000000e+00
 0.000000000000000e+00
 0.000000000000000e+00
 0.000000000000000e+00
 0.000000000000000e+00
 0.000000000000000e+00
 0.000000000000000e+00
 0.000000000000000e+00
 0.000000000000000e+00
 0.000000000000000e+00
 0.000000000000000e+00
 0.000000000000000e+00
 0.000000000000000e+00
 0.000000000000000e+00
 0.000000000000000e+00
 0.000000000000000e+00
 0.000000000000000e+00
 0.000000000000000e+00
 0.000000000000000e+00
 0.000000000000000e+00
 0.000000000000000e+00
 0.000000000000000e+00
 0.000000000000000e+00
 0.000000000000000e+00
 0.000000000000000e+00
 0.000000000000000e+00
 0.000000000000000e+00
 0.000000000000000e+00
 0.000000000000000e+00
 0.000000000000000e+00
 0.000000000000000e+00
 0.000000000000000e+00
 0.000000000000000e+00
 0.000000000000000e+00
 0.000000000000000e+00
 0.000000000000000e+00
 0.000000000000000e+00
 0.000000000000000e+00
 0.000000000000000e+00
 0.000000000000000e+00
 0.000000000000000e+00
 0.000000000000000e+00
 0.000000000000000e+00
 0.000000000000000e+00
 0.000000000000000e+00
 0.000000000000000e+00
 0.000000000000000e+00
 0.000000000000000e+00
 0.000000000000000e+00
 0.000000000000000e+00
 0.000000000000000e+00
 0.000000000000000e+00
 0.000000000000000e+00
 0.000000000000000e+00
 0.000000000000000e+00
 0.000000000000000e+00
 0.000000000000000e+00
 0.000000000000000e+00
 0.000000000000000e+00
 0.000000000000000e+00
 0.000000000000000e+00
 0.000000000000000e+00
 0.000000000000000e+00
 0.000000000000000e+00
 0.000000000000000e+00
 0.000000000000000e+00
 0.000000000000000e+00
 0.000000000000000e+00
 0.000000000000000e+00
 0.000000000000000e+00
 0.000000000000000e+00
 0.000000000000000e+00
 0.000000000000000e+00
 0.000000000000000e+00
 0.000000000000000e+00
 0.000000000000000e+00
 0.000000000000000e+00
 0.000000000000000e+00
 0.000000000000000e+00
 0.000000000000000e+00
 0.000000000000000e+00
 0.000000000000000e+00
 0.000000000000000e+00
 0.000000000000000e+00
 0.000000000000000e+00
 0.000000000000000e+00
 0.000000000000000e+00
 0.000000000000000e+00
 0.000000000000000e+00
 0.000000000000000e+00
 0.000000000000000e+00
 0.000000000000000e+00
 0.000000000000000e+00
 0.000000000000000e+00
 0.000000000000000e+00
 0.000000000000000e+00
 0.000000000000000e+00
 0.000000000000000e+00
 0.000000000000000e+00
 0.000000000000000e+00
 0.000000000000000e+00
 0.000000000000000e+00
 0.000000000000000e+00
 0.000000000000000e+00
 0.000000000000000e+00
 0.000000000000000e+00
 0.000000000000000e+00
 0.000000000000000e+00
 0.000000000000000e+00
 0.000000000000000e+00
 0.000000000000000e+00
 0.000000000000000e+00
 0.000000000000000e+00
 0.000000000000000e+00
 0.000000000000000e+00
-1.471037749564638e-02
 0.000000000000000e+00
 0.000000000000000e+00
 0.000000000000000e+00
 0.000000000000000e+00
 0.000000000000000e+00
 0.000000000000000e+00
 0.000000000000000e+00
 0.000000000000000e+00
 0.000000000000000e+00
 7.484150205832584e-01
 0.000000000000000e+00
 0.000000000000000e+00
 0.000000000000000e+00
 0.000000000000000e+00
 0.000000000000000e+00
 0.000000000000000e+00
 0.000000000000000e+00
 0.000000000000000e+00
 0.000000000000000e+00
 0.000000000000000e+00
 0.000000000000000e+00
 0.000000000000000e+00
 0.000000000000000e+00
 0.000000000000000e+00
 0.000000000000000e+00
 0.000000000000000e+00
 0.000000000000000e+00
 0.000000000000000e+00
 0.000000000000000e+00
 0.000000000000000e+00
 0.000000000000000e+00
 0.000000000000000e+00
 0.000000000000000e+00
 0.000000000000000e+00
 0.000000000000000e+00
 0.000000000000000e+00
 0.000000000000000e+00
-4.441319842075335e-01
 0.000000000000000e+00
 0.000000000000000e+00
 0.000000000000000e+00
 0.000000000000000e+00
 0.000000000000000e+00
 0.000000000000000e+00
 0.000000000000000e+00
 0.000000000000000e+00
 0.000000000000000e+00
 0.000000000000000e+00
 0.000000000000000e+00
 0.000000000000000e+00
 0.000000000000000e+00
 0.000000000000000e+00
 0.000000000000000e+00
 0.000000000000000e+00
 0.000000000000000e+00
 0.000000000000000e+00
 0.000000000000000e+00
 0.000000000000000e+00
 0.000000000000000e+00
 0.000000000000000e+00
 0.000000000000000e+00
 0.000000000000000e+00
 0.000000000000000e+00
 0.000000000000000e+00
 0.000000000000000e+00
 0.000000000000000e+00
 2.560059760945832e+00
 0.000000000000000e+00
 0.000000000000000e+00
 0.000000000000000e+00
 0.000000000000000e+00
 0.000000000000000e+00
 0.000000000000000e+00
 0.000000000000000e+00
 0.000000000000000e+00
 0.000000000000000e+00
 0.000000000000000e+00
 0.000000000000000e+00
 0.000000000000000e+00
 0.000000000000000e+00
 0.000000000000000e+00
 0.000000000000000e+00
 0.000000000000000e+00
 0.000000000000000e+00
 0.000000000000000e+00
 0.000000000000000e+00
 0.000000000000000e+00
 0.000000000000000e+00
-4.441319842075335e-01
 0.000000000000000e+00
 0.000000000000000e+00
 0.000000000000000e+00
 0.000000000000000e+00
 0.000000000000000e+00
 0.000000000000000e+00
 0.000000000000000e+00
 0.000000000000000e+00
 0.000000000000000e+00
 0.000000000000000e+00
 0.000000000000000e+00
 0.000000000000000e+00
 0.000000000000000e+00
 0.000000000000000e+00
 0.000000000000000e+00
 0.000000000000000e+00
 0.000000000000000e+00
 0.000000000000000e+00
 0.000000000000000e+00
 0.000000000000000e+00
 0.000000000000000e+00
 0.000000000000000e+00
 0.000000000000000e+00
 0.000000000000000e+00
 0.000000000000000e+00
 0.000000000000000e+00
 0.000000000000000e+00
 0.000000000000000e+00
 0.000000000000000e+00
 0.000000000000000e+00
 7.484150205832584e-01
 0.000000000000000e+00
 0.000000000000000e+00
 0.000000000000000e+00
 0.000000000000000e+00
 0.000000000000000e+00
 0.000000000000000e+00
 0.000000000000000e+00
 1.628840082579715e+00
 0.000000000000000e+00
 0.000000000000000e+00
 0.000000000000000e+00
 0.000000000000000e+00
 0.000000000000000e+00
 0.000000000000000e+00
 0.000000000000000e+00
 0.000000000000000e+00
 0.000000000000000e+00
 0.000000000000000e+00
 0.000000000000000e+00
 0.000000000000000e+00
 0.000000000000000e+00
 0.000000000000000e+00
 0.000000000000000e+00
 0.000000000000000e+00
 0.000000000000000e+00
-1.471037749564638e-02
 0.000000000000000e+00
 0.000000000000000e+00
 0.000000000000000e+00
 0.000000000000000e+00
 0.000000000000000e+00
 0.000000000000000e+00
 0.000000000000000e+00
 0.000000000000000e+00
 0.000000000000000e+00
 7.775673384940063e-01
 0.000000000000000e+00
 0.000000000000000e+00
 0.000000000000000e+00
 0.000000000000000e+00
 2.043082644429906e+00
 0.000000000000000e+00
 0.000000000000000e+00
 0.000000000000000e+00
 0.000000000000000e+00
 0.000000000000000e+00
 0.000000000000000e+00
-1.471037749564638e-02
 0.000000000000000e+00
 0.000000000000000e+00
 0.000000000000000e+00
 0.000000000000000e+00
 0.000000000000000e+00
 0.000000000000000e+00
 0.000000000000000e+00
 0.000000000000000e+00
 0.000000000000000e+00
 4.276209683870476e-01
 3.206272122939751e+00
 0.000000000000000e+00
 7.484150205832584e-01
 0.000000000000000e+00
 0.000000000000000e+00
 0.000000000000000e+00
 0.000000000000000e+00
 0.000000000000000e+00
 0.000000000000000e+00
 6.401498468258262e-01
 0.000000000000000e+00
 1.190143532425661e+00
 0.000000000000000e+00
 0.000000000000000e+00
 0.000000000000000e+00
 0.000000000000000e+00
 0.000000000000000e+00
 0.000000000000000e+00
 0.000000000000000e+00
 0.000000000000000e+00
 0.000000000000000e+00
 0.000000000000000e+00
 0.000000000000000e+00
 0.000000000000000e+00
 2.362855212929264e+00
 0.000000000000000e+00
 0.000000000000000e+00
 0.000000000000000e+00
 0.000000000000000e+00
 0.000000000000000e+00
 0.000000000000000e+00
 0.000000000000000e+00
 0.000000000000000e+00
 0.000000000000000e+00
 0.000000000000000e+00
 0.000000000000000e+00
 0.000000000000000e+00
 0.000000000000000e+00
 0.000000000000000e+00
 0.000000000000000e+00
 0.000000000000000e+00
 1.952724514934199e-01
 0.000000000000000e+00
 0.000000000000000e+00
 0.000000000000000e+00
 0.000000000000000e+00
 0.000000000000000e+00
 0.000000000000000e+00
 0.000000000000000e+00
 0.000000000000000e+00
 0.000000000000000e+00
 0.000000000000000e+00
 0.000000000000000e+00
 0.000000000000000e+00
 0.000000000000000e+00
 0.000000000000000e+00
 0.000000000000000e+00
 0.000000000000000e+00
 0.000000000000000e+00
 0.000000000000000e+00
 0.000000000000000e+00
 0.000000000000000e+00
 0.000000000000000e+00
 0.000000000000000e+00
 0.000000000000000e+00
 0.000000000000000e+00
 0.000000000000000e+00
 0.000000000000000e+00
 0.000000000000000e+00
 0.000000000000000e+00
 0.000000000000000e+00
 0.000000000000000e+00
 0.000000000000000e+00
 0.000000000000000e+00
 0.000000000000000e+00
 0.000000000000000e+00
 0.000000000000000e+00
 0.000000000000000e+00
 0.000000000000000e+00
 0.000000000000000e+00
 0.000000000000000e+00
 0.000000000000000e+00
 0.000000000000000e+00
 0.000000000000000e+00
 0.000000000000000e+00
 0.000000000000000e+00
 0.000000000000000e+00
 0.000000000000000e+00
 0.000000000000000e+00
 0.000000000000000e+00
 0.000000000000000e+00
 0.000000000000000e+00
 0.000000000000000e+00
 0.000000000000000e+00
 0.000000000000000e+00
 0.000000000000000e+00
 0.000000000000000e+00
 0.000000000000000e+00
 0.000000000000000e+00
 0.000000000000000e+00
 0.000000000000000e+00
 0.000000000000000e+00
 0.000000000000000e+00
 0.000000000000000e+00
 0.000000000000000e+00
 0.000000000000000e+00
 0.000000000000000e+00
 0.000000000000000e+00
 0.000000000000000e+00
 6.331996541180486e-02
 0.000000000000000e+00
 0.000000000000000e+00
-5.634122409744394e-01
 0.000000000000000e+00
 0.000000000000000e+00
 0.000000000000000e+00
 0.000000000000000e+00
 0.000000000000000e+00
 0.000000000000000e+00
 0.000000000000000e+00
 0.000000000000000e+00
 4.932387522263815e+00
 0.000000000000000e+00
 0.000000000000000e+00
 6.032554235140861e-03
 0.000000000000000e+00
 0.000000000000000e+00
 0.000000000000000e+00
 0.000000000000000e+00
 0.000000000000000e+00
 0.000000000000000e+00
 0.000000000000000e+00
 0.000000000000000e+00
 0.000000000000000e+00
 0.000000000000000e+00
 0.000000000000000e+00
 0.000000000000000e+00
 0.000000000000000e+00
 0.000000000000000e+00
 0.000000000000000e+00
 0.000000000000000e+00
 0.000000000000000e+00
 0.000000000000000e+00
 0.000000000000000e+00
 0.000000000000000e+00
 0.000000000000000e+00
 0.000000000000000e+00
 6.331996541180486e-02
 6.331996541180486e-02
 0.000000000000000e+00
 0.000000000000000e+00
 0.000000000000000e+00
 0.000000000000000e+00
-1.471037749564638e-02
 0.000000000000000e+00
 0.000000000000000e+00
 0.000000000000000e+00
 0.000000000000000e+00
 0.000000000000000e+00
 0.000000000000000e+00
 0.000000000000000e+00
 0.000000000000000e+00
 0.000000000000000e+00
 0.000000000000000e+00
 0.000000000000000e+00
 0.000000000000000e+00
 0.000000000000000e+00
-1.471037749564638e-02
 0.000000000000000e+00
 0.000000000000000e+00
 0.000000000000000e+00
 0.000000000000000e+00
 0.000000000000000e+00
 0.000000000000000e+00
 0.000000000000000e+00
 0.000000000000000e+00
 0.000000000000000e+00
 0.000000000000000e+00
 0.000000000000000e+00
 0.000000000000000e+00
 0.000000000000000e+00
 0.000000000000000e+00
 0.000000000000000e+00
 0.000000000000000e+00
 0.000000000000000e+00
 0.000000000000000e+00
 0.000000000000000e+00
 0.000000000000000e+00
 0.000000000000000e+00
 0.000000000000000e+00
 0.000000000000000e+00
 0.000000000000000e+00
 0.000000000000000e+00
 0.000000000000000e+00
 0.000000000000000e+00
 0.000000000000000e+00
 0.000000000000000e+00
 0.000000000000000e+00
 0.000000000000000e+00
 0.000000000000000e+00
 0.000000000000000e+00
 0.000000000000000e+00
 0.000000000000000e+00
 0.000000000000000e+00
 0.000000000000000e+00
 0.000000000000000e+00
 0.000000000000000e+00
 0.000000000000000e+00
 0.000000000000000e+00
 0.000000000000000e+00
 0.000000000000000e+00
 0.000000000000000e+00
 0.000000000000000e+00
 0.000000000000000e+00
 0.000000000000000e+00
 0.000000000000000e+00
 0.000000000000000e+00
 0.000000000000000e+00
 0.000000000000000e+00
 6.331996541180486e-02
 0.000000000000000e+00
 0.000000000000000e+00
 0.000000000000000e+00
 0.000000000000000e+00
 0.000000000000000e+00
 0.000000000000000e+00
 0.000000000000000e+00
 0.000000000000000e+00
 0.000000000000000e+00
 0.000000000000000e+00
 0.000000000000000e+00
 0.000000000000000e+00
 0.000000000000000e+00
 0.000000000000000e+00
 0.000000000000000e+00
 0.000000000000000e+00
 0.000000000000000e+00
 6.331996541180486e-02
 0.000000000000000e+00
 0.000000000000000e+00
 0.000000000000000e+00
 0.000000000000000e+00
 0.000000000000000e+00
 0.000000000000000e+00
 0.000000000000000e+00
 0.000000000000000e+00
 0.000000000000000e+00
 0.000000000000000e+00
 0.000000000000000e+00
 0.000000000000000e+00
 0.000000000000000e+00
 0.000000000000000e+00
 0.000000000000000e+00
 0.000000000000000e+00
 0.000000000000000e+00
 0.000000000000000e+00
 0.000000000000000e+00
 0.000000000000000e+00
 0.000000000000000e+00
 0.000000000000000e+00
 0.000000000000000e+00
 0.000000000000000e+00
 0.000000000000000e+00
 6.331996541180486e-02
 0.000000000000000e+00
 0.000000000000000e+00
 3.277413576436507e+00
 0.000000000000000e+00
 0.000000000000000e+00
 0.000000000000000e+00
 0.000000000000000e+00
 0.000000000000000e+00
 0.000000000000000e+00
 0.000000000000000e+00
 0.000000000000000e+00
 0.000000000000000e+00
 0.000000000000000e+00
 0.000000000000000e+00
 0.000000000000000e+00
 0.000000000000000e+00
 0.000000000000000e+00
 0.000000000000000e+00
 0.000000000000000e+00
 0.000000000000000e+00
 0.000000000000000e+00
 0.000000000000000e+00
 0.000000000000000e+00
 0.000000000000000e+00
 0.000000000000000e+00
 0.000000000000000e+00
 0.000000000000000e+00
 0.000000000000000e+00
 0.000000000000000e+00
 0.000000000000000e+00
 0.000000000000000e+00
 0.000000000000000e+00
 0.000000000000000e+00
 0.000000000000000e+00
 0.000000000000000e+00
 0.000000000000000e+00
 0.000000000000000e+00
 0.000000000000000e+00
 0.000000000000000e+00
 0.000000000000000e+00
 0.000000000000000e+00
 0.000000000000000e+00
 0.000000000000000e+00
 0.000000000000000e+00
 0.000000000000000e+00
 0.000000000000000e+00
 0.000000000000000e+00
 0.000000000000000e+00
 0.000000000000000e+00
 0.000000000000000e+00
 0.000000000000000e+00
 0.000000000000000e+00
 0.000000000000000e+00
 0.000000000000000e+00
 0.000000000000000e+00
 0.000000000000000e+00
 0.000000000000000e+00
 0.000000000000000e+00
 0.000000000000000e+00
 6.032554235140861e-03
 0.000000000000000e+00
 0.000000000000000e+00
 0.000000000000000e+00
 0.000000000000000e+00
 0.000000000000000e+00
 0.000000000000000e+00
 6.331996541180486e-02
 0.000000000000000e+00
 0.000000000000000e+00
 0.000000000000000e+00
 0.000000000000000e+00
 0.000000000000000e+00
 0.000000000000000e+00
 0.000000000000000e+00
 0.000000000000000e+00
 0.000000000000000e+00
 0.000000000000000e+00
 0.000000000000000e+00
 0.000000000000000e+00
 0.000000000000000e+00
 0.000000000000000e+00
 0.000000000000000e+00
 0.000000000000000e+00
 0.000000000000000e+00
 0.000000000000000e+00
 0.000000000000000e+00
 0.000000000000000e+00
 0.000000000000000e+00
 0.000000000000000e+00
 0.000000000000000e+00
 0.000000000000000e+00
 0.000000000000000e+00
 0.000000000000000e+00
 0.000000000000000e+00
 0.000000000000000e+00
 0.000000000000000e+00
 0.000000000000000e+00
 0.000000000000000e+00
-5.634122409744394e-01
 0.000000000000000e+00
 0.000000000000000e+00
 0.000000000000000e+00
 0.000000000000000e+00
 0.000000000000000e+00
 0.000000000000000e+00
 0.000000000000000e+00
 0.000000000000000e+00
 0.000000000000000e+00
 0.000000000000000e+00
 0.000000000000000e+00
 0.000000000000000e+00
 0.000000000000000e+00
 0.000000000000000e+00
 0.000000000000000e+00
 0.000000000000000e+00
 0.000000000000000e+00
 0.000000000000000e+00
 0.000000000000000e+00
 0.000000000000000e+00
 0.000000000000000e+00
 0.000000000000000e+00
 0.000000000000000e+00
 0.000000000000000e+00
 0.000000000000000e+00
 0.000000000000000e+00
 0.000000000000000e+00
 0.000000000000000e+00
 0.000000000000000e+00
 0.000000000000000e+00
 0.000000000000000e+00
 0.000000000000000e+00
 0.000000000000000e+00
 0.000000000000000e+00
 0.000000000000000e+00
 0.000000000000000e+00
 0.000000000000000e+00
 0.000000000000000e+00
 0.000000000000000e+00
 0.000000000000000e+00
 0.000000000000000e+00
 0.000000000000000e+00
 0.000000000000000e+00
 0.000000000000000e+00
 0.000000000000000e+00
 0.000000000000000e+00
 0.000000000000000e+00
 0.000000000000000e+00
 6.331996541180486e-02
 0.000000000000000e+00
 0.000000000000000e+00
 0.000000000000000e+00
 0.000000000000000e+00
 0.000000000000000e+00
 0.000000000000000e+00
 0.000000000000000e+00
 0.000000000000000e+00
 0.000000000000000e+00
 0.000000000000000e+00
 0.000000000000000e+00
 0.000000000000000e+00
 0.000000000000000e+00
 0.000000000000000e+00
 0.000000000000000e+00
 0.000000000000000e+00
 0.000000000000000e+00
 0.000000000000000e+00
 0.000000000000000e+00
 0.000000000000000e+00
 0.000000000000000e+00
 0.000000000000000e+00
 0.000000000000000e+00
 0.000000000000000e+00
 0.000000000000000e+00
 0.000000000000000e+00
 0.000000000000000e+00
 0.000000000000000e+00
 0.000000000000000e+00
 0.000000000000000e+00
 0.000000000000000e+00
 0.000000000000000e+00
 0.000000000000000e+00
 0.000000000000000e+00
 0.000000000000000e+00
 0.000000000000000e+00
 0.000000000000000e+00
 0.000000000000000e+00
 0.000000000000000e+00
 0.000000000000000e+00
 0.000000000000000e+00
 0.000000000000000e+00
 0.000000000000000e+00
 0.000000000000000e+00
 0.000000000000000e+00
 0.000000000000000e+00
 0.000000000000000e+00
 0.000000000000000e+00
 0.000000000000000e+00
 0.000000000000000e+00
 7.969718496729687e-01
 0.000000000000000e+00
 0.000000000000000e+00
 0.000000000000000e+00
 0.000000000000000e+00
 0.000000000000000e+00
 0.000000000000000e+00
 0.000000000000000e+00
 0.000000000000000e+00
 0.000000000000000e+00
 0.000000000000000e+00
 0.000000000000000e+00
 0.000000000000000e+00
 0.000000000000000e+00
 0.000000000000000e+00
 0.000000000000000e+00
 0.000000000000000e+00
 0.000000000000000e+00
 0.000000000000000e+00
 0.000000000000000e+00
 0.000000000000000e+00
 0.000000000000000e+00
 0.000000000000000e+00
 0.000000000000000e+00
 0.000000000000000e+00
 0.000000000000000e+00
 0.000000000000000e+00
 0.000000000000000e+00
 0.000000000000000e+00
 0.000000000000000e+00
 0.000000000000000e+00
 0.000000000000000e+00
 0.000000000000000e+00
 0.000000000000000e+00
 6.331996541180486e-02
 0.000000000000000e+00
 0.000000000000000e+00
 0.000000000000000e+00
-1.471037749564638e-02
 0.000000000000000e+00
 0.000000000000000e+00
 0.000000000000000e+00
 0.000000000000000e+00
 0.000000000000000e+00
 0.000000000000000e+00
 0.000000000000000e+00
 0.000000000000000e+00
 0.000000000000000e+00
 0.000000000000000e+00
 0.000000000000000e+00
 0.000000000000000e+00
 0.000000000000000e+00
 0.000000000000000e+00
 0.000000000000000e+00
 0.000000000000000e+00
 0.000000000000000e+00
 0.000000000000000e+00
 0.000000000000000e+00
 0.000000000000000e+00
 0.000000000000000e+00
 0.000000000000000e+00
 0.000000000000000e+00
 0.000000000000000e+00
 0.000000000000000e+00
 0.000000000000000e+00
 0.000000000000000e+00
 0.000000000000000e+00
 0.000000000000000e+00
 0.000000000000000e+00
 0.000000000000000e+00
 0.000000000000000e+00
 0.000000000000000e+00
 0.000000000000000e+00
 0.000000000000000e+00
 0.000000000000000e+00
 0.000000000000000e+00
 0.000000000000000e+00
 0.000000000000000e+00
 0.000000000000000e+00
 0.000000000000000e+00
 1.325308525345538e-01
 0.000000000000000e+00
 0.000000000000000e+00
 0.000000000000000e+00
 0.000000000000000e+00
 0.000000000000000e+00
 1.325308525345538e-01
 7.263158661255308e-01
 0.000000000000000e+00
 0.000000000000000e+00
 0.000000000000000e+00
 0.000000000000000e+00
 0.000000000000000e+00
 0.000000000000000e+00
 0.000000000000000e+00
 0.000000000000000e+00
 0.000000000000000e+00
 0.000000000000000e+00
 0.000000000000000e+00
 0.000000000000000e+00
 0.000000000000000e+00
 1.605727046098826e+00
 0.000000000000000e+00
 0.000000000000000e+00
 0.000000000000000e+00
 0.000000000000000e+00
 0.000000000000000e+00
 0.000000000000000e+00
 0.000000000000000e+00
 0.000000000000000e+00
 0.000000000000000e+00
 0.000000000000000e+00
 0.000000000000000e+00
 0.000000000000000e+00
 0.000000000000000e+00
 0.000000000000000e+00
 0.000000000000000e+00
 0.000000000000000e+00
 0.000000000000000e+00
 0.000000000000000e+00
 0.000000000000000e+00
 0.000000000000000e+00
 0.000000000000000e+00
 0.000000000000000e+00
 0.000000000000000e+00
 0.000000000000000e+00
 0.000000000000000e+00
 0.000000000000000e+00
 0.000000000000000e+00
 0.000000000000000e+00
 0.000000000000000e+00
 0.000000000000000e+00
 0.000000000000000e+00
 0.000000000000000e+00
 0.000000000000000e+00
 0.000000000000000e+00
 0.000000000000000e+00
 0.000000000000000e+00
 2.181428254143042e+00
 0.000000000000000e+00
 0.000000000000000e+00
 0.000000000000000e+00
 0.000000000000000e+00
 0.000000000000000e+00
 0.000000000000000e+00
 0.000000000000000e+00
 0.000000000000000e+00
 0.000000000000000e+00
 0.000000000000000e+00
 8.662898402070971e-01
 0.000000000000000e+00
 0.000000000000000e+00
 0.000000000000000e+00
 0.000000000000000e+00
 0.000000000000000e+00
 0.000000000000000e+00
 0.000000000000000e+00
 0.000000000000000e+00
 0.000000000000000e+00
 0.000000000000000e+00
 0.000000000000000e+00
 0.000000000000000e+00
 0.000000000000000e+00
 0.000000000000000e+00
 0.000000000000000e+00
 0.000000000000000e+00
 0.000000000000000e+00
 0.000000000000000e+00
 0.000000000000000e+00
 0.000000000000000e+00
 0.000000000000000e+00
 0.000000000000000e+00
 0.000000000000000e+00
 1.930103242162310e+00
 0.000000000000000e+00
 0.000000000000000e+00
 0.000000000000000e+00
 0.000000000000000e+00
 0.000000000000000e+00
 0.000000000000000e+00
 0.000000000000000e+00
 0.000000000000000e+00
 0.000000000000000e+00
 0.000000000000000e+00
 0.000000000000000e+00
 0.000000000000000e+00
 0.000000000000000e+00
 0.000000000000000e+00
 0.000000000000000e+00
 0.000000000000000e+00
 1.037195873323230e+00
 0.000000000000000e+00
 0.000000000000000e+00
 0.000000000000000e+00
 0.000000000000000e+00
 0.000000000000000e+00
 0.000000000000000e+00
 0.000000000000000e+00
 0.000000000000000e+00
 0.000000000000000e+00
 0.000000000000000e+00
 0.000000000000000e+00
 0.000000000000000e+00
 0.000000000000000e+00
 0.000000000000000e+00
 0.000000000000000e+00
 0.000000000000000e+00
 0.000000000000000e+00
 0.000000000000000e+00
 0.000000000000000e+00
 0.000000000000000e+00
 0.000000000000000e+00
 0.000000000000000e+00
 0.000000000000000e+00
 0.000000000000000e+00
 0.000000000000000e+00
 0.000000000000000e+00
 0.000000000000000e+00
 0.000000000000000e+00
 0.000000000000000e+00
 0.000000000000000e+00
 0.000000000000000e+00
 0.000000000000000e+00
 0.000000000000000e+00
 0.000000000000000e+00
 0.000000000000000e+00
 0.000000000000000e+00
 0.000000000000000e+00
 0.000000000000000e+00
 0.000000000000000e+00
 0.000000000000000e+00
 0.000000000000000e+00
 0.000000000000000e+00
 0.000000000000000e+00
 0.000000000000000e+00
 0.000000000000000e+00
 0.000000000000000e+00
 0.000000000000000e+00
 0.000000000000000e+00
 0.000000000000000e+00
 0.000000000000000e+00
 0.000000000000000e+00
 0.000000000000000e+00
 0.000000000000000e+00
 0.000000000000000e+00
 1.516982977504834e-02
 0.000000000000000e+00
 0.000000000000000e+00
 0.000000000000000e+00
 0.000000000000000e+00
 0.000000000000000e+00
 0.000000000000000e+00
 0.000000000000000e+00
 0.000000000000000e+00
 0.000000000000000e+00
 0.000000000000000e+00
 0.000000000000000e+00
 0.000000000000000e+00
 0.000000000000000e+00
 0.000000000000000e+00
 0.000000000000000e+00
 0.000000000000000e+00
 0.000000000000000e+00
 0.000000000000000e+00
-4.441319842075335e-01
 0.000000000000000e+00
 0.000000000000000e+00
 0.000000000000000e+00
 1.516982977504834e-02
 0.000000000000000e+00
 2.427856775422001e+00
 0.000000000000000e+00
 0.000000000000000e+00
 0.000000000000000e+00
 0.000000000000000e+00
 0.000000000000000e+00
 0.000000000000000e+00
 0.000000000000000e+00
 0.000000000000000e+00
 0.000000000000000e+00
 0.000000000000000e+00
 0.000000000000000e+00
 0.000000000000000e+00
 0.000000000000000e+00
 0.000000000000000e+00
 0.000000000000000e+00
 0.000000000000000e+00
 0.000000000000000e+00
 0.000000000000000e+00
 0.000000000000000e+00
 1.325308525345538e-01
 0.000000000000000e+00
 0.000000000000000e+00
 0.000000000000000e+00
 0.000000000000000e+00
 0.000000000000000e+00
 0.000000000000000e+00
 0.000000000000000e+00
 0.000000000000000e+00
 0.000000000000000e+00
 0.000000000000000e+00
 0.000000000000000e+00
 0.000000000000000e+00
 0.000000000000000e+00
 0.000000000000000e+00
 0.000000000000000e+00
 0.000000000000000e+00
 0.000000000000000e+00
 6.677663649347980e-01
 0.000000000000000e+00
 0.000000000000000e+00
 0.000000000000000e+00
 0.000000000000000e+00
 0.000000000000000e+00
 0.000000000000000e+00
 0.000000000000000e+00
 0.000000000000000e+00
 0.000000000000000e+00
 0.000000000000000e+00
 0.000000000000000e+00
 0.000000000000000e+00
 0.000000000000000e+00
 0.000000000000000e+00
 0.000000000000000e+00
 1.377106465420917e+00
 0.000000000000000e+00
 0.000000000000000e+00
 0.000000000000000e+00
 0.000000000000000e+00
 0.000000000000000e+00
 0.000000000000000e+00
 0.000000000000000e+00
 0.000000000000000e+00
-4.441319842075335e-01
 0.000000000000000e+00
 0.000000000000000e+00
 0.000000000000000e+00
 1.618785637177377e+00
 0.000000000000000e+00
 0.000000000000000e+00
 0.000000000000000e+00
 0.000000000000000e+00
 0.000000000000000e+00
 0.000000000000000e+00
 0.000000000000000e+00
 0.000000000000000e+00
 0.000000000000000e+00
 0.000000000000000e+00
 0.000000000000000e+00
 0.000000000000000e+00
 0.000000000000000e+00
 0.000000000000000e+00
 0.000000000000000e+00
 8.322992151887129e-01
 0.000000000000000e+00
 0.000000000000000e+00
 0.000000000000000e+00
 0.000000000000000e+00
 0.000000000000000e+00
 0.000000000000000e+00
 0.000000000000000e+00
 7.169100971975720e-01
 0.000000000000000e+00
 0.000000000000000e+00
 0.000000000000000e+00
 0.000000000000000e+00
 0.000000000000000e+00
 0.000000000000000e+00
 0.000000000000000e+00
 0.000000000000000e+00
 0.000000000000000e+00
 0.000000000000000e+00
 0.000000000000000e+00
 0.000000000000000e+00
 0.000000000000000e+00
 0.000000000000000e+00
 1.325308525345538e-01
 0.000000000000000e+00
 0.000000000000000e+00
 0.000000000000000e+00
 0.000000000000000e+00
 0.000000000000000e+00
 0.000000000000000e+00
 0.000000000000000e+00
 0.000000000000000e+00
 0.000000000000000e+00
 0.000000000000000e+00
 0.000000000000000e+00
 0.000000000000000e+00
 0.000000000000000e+00
 0.000000000000000e+00
 0.000000000000000e+00
 0.000000000000000e+00
 0.000000000000000e+00
 0.000000000000000e+00
 0.000000000000000e+00
 0.000000000000000e+00
 0.000000000000000e+00
 0.000000000000000e+00
 0.000000000000000e+00
 0.000000000000000e+00
-5.634122409744394e-01
 0.000000000000000e+00
 0.000000000000000e+00
 0.000000000000000e+00
 0.000000000000000e+00
 0.000000000000000e+00
 0.000000000000000e+00
 0.000000000000000e+00
 0.000000000000000e+00
 0.000000000000000e+00
 0.000000000000000e+00
 0.000000000000000e+00
 0.000000000000000e+00
 0.000000000000000e+00
 0.000000000000000e+00
 0.000000000000000e+00
 0.000000000000000e+00
 0.000000000000000e+00
 0.000000000000000e+00
 0.000000000000000e+00
 0.000000000000000e+00
 0.000000000000000e+00
 0.000000000000000e+00
 0.000000000000000e+00
 0.000000000000000e+00
 4.611124154271227e-01
 0.000000000000000e+00
 0.000000000000000e+00
 0.000000000000000e+00
 0.000000000000000e+00
 0.000000000000000e+00
 0.000000000000000e+00
 0.000000000000000e+00
 0.000000000000000e+00
 0.000000000000000e+00
 0.000000000000000e+00
 0.000000000000000e+00
 0.000000000000000e+00
 0.000000000000000e+00
 0.000000000000000e+00
 0.000000000000000e+00
 0.000000000000000e+00
 0.000000000000000e+00
 0.000000000000000e+00
 0.000000000000000e+00
 0.000000000000000e+00
 0.000000000000000e+00
 0.000000000000000e+00
 0.000000000000000e+00
 0.000000000000000e+00
 0.000000000000000e+00
 0.000000000000000e+00
 0.000000000000000e+00
 0.000000000000000e+00
 0.000000000000000e+00
 0.000000000000000e+00
 0.000000000000000e+00
 0.000000000000000e+00
 0.000000000000000e+00
 0.000000000000000e+00
 0.000000000000000e+00
 0.000000000000000e+00
 2.543974978410886e+00
 0.000000000000000e+00
 0.000000000000000e+00
 0.000000000000000e+00
 0.000000000000000e+00
 1.018417000438732e-01
 0.000000000000000e+00
 0.000000000000000e+00
-5.634122409744394e-01
 0.000000000000000e+00
 0.000000000000000e+00
 0.000000000000000e+00
 0.000000000000000e+00
 0.000000000000000e+00
 0.000000000000000e+00
 0.000000000000000e+00
 0.000000000000000e+00
 0.000000000000000e+00
 0.000000000000000e+00
 2.395991743794347e+00
 0.000000000000000e+00
 0.000000000000000e+00
 0.000000000000000e+00
 0.000000000000000e+00
 0.000000000000000e+00
 0.000000000000000e+00
 0.000000000000000e+00
 0.000000000000000e+00
 0.000000000000000e+00
 0.000000000000000e+00
 1.937615900952098e+00
 0.000000000000000e+00
 0.000000000000000e+00
 8.322992151887129e-01
 0.000000000000000e+00
 0.000000000000000e+00
 0.000000000000000e+00
 0.000000000000000e+00
 0.000000000000000e+00
 0.000000000000000e+00
 0.000000000000000e+00
 0.000000000000000e+00
 0.000000000000000e+00
 2.016379454768891e-01
 0.000000000000000e+00
 0.000000000000000e+00
 3.147156902504658e-01
 0.000000000000000e+00
 0.000000000000000e+00
 0.000000000000000e+00
 4.360012943123528e-01
 0.000000000000000e+00
 0.000000000000000e+00
 0.000000000000000e+00
 0.000000000000000e+00
 0.000000000000000e+00
 0.000000000000000e+00
 0.000000000000000e+00
 0.000000000000000e+00
 0.000000000000000e+00
 1.306685940353153e+00
 0.000000000000000e+00
 0.000000000000000e+00
 0.000000000000000e+00
 0.000000000000000e+00
 0.000000000000000e+00
 0.000000000000000e+00
 0.000000000000000e+00
 0.000000000000000e+00
 0.000000000000000e+00
 1.622464543292102e-01
 0.000000000000000e+00
 0.000000000000000e+00
-2.459732121602163e-01
 0.000000000000000e+00
 0.000000000000000e+00
 0.000000000000000e+00
 0.000000000000000e+00
 0.000000000000000e+00
 0.000000000000000e+00
 0.000000000000000e+00
 0.000000000000000e+00
 0.000000000000000e+00
 0.000000000000000e+00
 0.000000000000000e+00
 0.000000000000000e+00
 0.000000000000000e+00
 0.000000000000000e+00
 0.000000000000000e+00
 0.000000000000000e+00
 0.000000000000000e+00
 0.000000000000000e+00
 0.000000000000000e+00
 0.000000000000000e+00
 0.000000000000000e+00
 0.000000000000000e+00
 0.000000000000000e+00
 0.000000000000000e+00
 8.379112297746404e-01
 6.373601436001366e-01
 0.000000000000000e+00
 0.000000000000000e+00
 0.000000000000000e+00
 0.000000000000000e+00
 0.000000000000000e+00
 0.000000000000000e+00
 0.000000000000000e+00
 0.000000000000000e+00
 0.000000000000000e+00
 0.000000000000000e+00
 0.000000000000000e+00
 0.000000000000000e+00
 0.000000000000000e+00
 0.000000000000000e+00
 0.000000000000000e+00
 0.000000000000000e+00
 0.000000000000000e+00
 0.000000000000000e+00
 0.000000000000000e+00
 0.000000000000000e+00
 0.000000000000000e+00
 0.000000000000000e+00
 0.000000000000000e+00
 0.000000000000000e+00
 0.000000000000000e+00
 0.000000000000000e+00
 0.000000000000000e+00
 0.000000000000000e+00
 0.000000000000000e+00
 0.000000000000000e+00
 0.000000000000000e+00
 0.000000000000000e+00
 0.000000000000000e+00
 0.000000000000000e+00
 0.000000000000000e+00
 0.000000000000000e+00
 0.000000000000000e+00
 0.000000000000000e+00
 0.000000000000000e+00
 0.000000000000000e+00
 0.000000000000000e+00
 0.000000000000000e+00
 0.000000000000000e+00
 0.000000000000000e+00
 0.000000000000000e+00
 0.000000000000000e+00
 0.000000000000000e+00
 0.000000000000000e+00
 0.000000000000000e+00
 0.000000000000000e+00
 0.000000000000000e+00
 0.000000000000000e+00
 0.000000000000000e+00
 0.000000000000000e+00
 0.000000000000000e+00
 0.000000000000000e+00
 0.000000000000000e+00
 0.000000000000000e+00
 0.000000000000000e+00
 0.000000000000000e+00
 0.000000000000000e+00
 0.000000000000000e+00
 0.000000000000000e+00
 0.000000000000000e+00
 0.000000000000000e+00
 0.000000000000000e+00
 0.000000000000000e+00
 0.000000000000000e+00
 0.000000000000000e+00
 0.000000000000000e+00
 0.000000000000000e+00
 0.000000000000000e+00
