%%MatrixMarket matrix array real general
% This is a lambda file of exd_iono_X
%    generated by l1_logreg_regpath ver 0.8.2
% 
% The corresponding coefficient vector is stored at path_iono
% 
100 1
 2.486785502013982e-01
 2.319184482309616e-01
 2.162879210382127e-01
 2.017108390637586e-01
 1.881162036257082e-01
 1.754378011157013e-01
 1.636138805009679e-01
 1.525868525616694e-01
 1.423030093986366e-01
 1.327122628453469e-01
 1.237679005100590e-01
 1.154263582598912e-01
 1.076470080387113e-01
 1.003919599853909e-01
 9.362587788862593e-02
 8.731580707948626e-02
 8.143101392343009e-02
 7.594283613001999e-02
 7.082454315126298e-02
 6.605120598863511e-02
 6.159957577467702e-02
 5.744797053778346e-02
 5.357616959866703e-02
 4.996531508414679e-02
 4.659782007857801e-02
 4.345728296556795e-02
 4.052840754277348e-02
 3.779692852069385e-02
 3.524954204259555e-02
 3.287384088716163e-02
 3.065825403826565e-02
 2.859199032754054e-02
 2.666498587524974e-02
 2.486785507346768e-02
 2.319184487282990e-02
 2.162879215020312e-02
 2.017108394963173e-02
 1.881162040291139e-02
 1.754378014919188e-02
 1.636138808518296e-02
 1.525868528888842e-02
 1.423030097037983e-02
 1.327122631299417e-02
 1.237679007754730e-02
 1.154263585074172e-02
 1.076470082695549e-02
 1.003919602006764e-02
 9.362587808940189e-03
 8.731580726673061e-03
 8.143101409805479e-03
 7.594283629287557e-03
 7.082454330314263e-03
 6.605120613027858e-03
 6.159957590677420e-03
 5.744797066097773e-03
 5.357616971355841e-03
 4.996531519129489e-03
 4.659782017850468e-03
 4.345728305875990e-03
 4.052840762968460e-03
 3.779692860174746e-03
 3.524954211818641e-03
 3.287384095765792e-03
 3.065825410401072e-03
 2.859199038885461e-03
 2.666498593243145e-03
 2.486785512679554e-03
 2.319184492256364e-03
 2.162879219658497e-03
 2.017108399288760e-03
 1.881162044325196e-03
 1.754378018681363e-03
 1.636138812026913e-03
 1.525868532160990e-03
 1.423030100089599e-03
 1.327122634145364e-03
 1.237679010408870e-03
 1.154263587549431e-03
 1.076470085003985e-03
 1.003919604159618e-03
 9.362587829017786e-04
 8.731580745397494e-04
 8.143101427267948e-04
 7.594283645573116e-04
 7.082454345502229e-04
 6.605120627192206e-04
 6.159957603887138e-04
 5.744797078417201e-04
 5.357616982844980e-04
 4.996531529844298e-04
 4.659782027843135e-04
 4.345728315195185e-04
 4.052840771659573e-04
 3.779692868280106e-04
 3.524954219377727e-04
 3.287384102815421e-04
 3.065825416975580e-04
 2.859199045016870e-04
 2.666498598961317e-04
 2.486785518012340e-04
