%%MatrixMarket matrix coordinate real general
% This is a coefficients file of exd_iono_X
%    generated by l1_logreg_regpath ver 0.8.2
% 
% Note that it is not a model file!
% 
% Each column is coefficient vector of corresponding lambda
% The corresponding lambda vector is stored at path_iono_lambda
35 100      1815
1 1  5.798184331116450e-01
1 2  4.652107881951765e-01
4 2  1.046410161462042e-01
6 2  8.047164403493608e-02
1 3  3.580637265921647e-01
4 3  1.941279203252422e-01
6 3  1.670126837668351e-01
1 4  1.829373381347407e-01
2 4  1.001534788372743e-01
4 4  2.584761695720322e-01
6 4  2.463864887371794e-01
1 5 -1.555320492068111e-02
2 5  2.396674888350358e-01
4 5  3.105574715191522e-01
6 5  3.204608876905696e-01
1 6 -2.027477553989438e-01
2 6  3.708098377989427e-01
4 6  3.606064162670193e-01
6 6  3.907745962475848e-01
1 7 -3.818855913034440e-01
2 7  4.960308847069450e-01
4 7  4.090998836409447e-01
6 7  4.580762415486756e-01
1 8 -5.552787656027838e-01
2 8  6.170770410961135e-01
4 8  4.564007416670023e-01
6 8  5.228994069083960e-01
1 9 -7.246111401042061e-01
2 9  7.352214326271652e-01
4 9  5.027936605548801e-01
6 9  5.856237758465608e-01
1 10 -8.911350922445487e-01
2 10  8.514121404955931e-01
4 10  5.485119996738622e-01
6 10  6.465196378077890e-01
1 11 -1.055789619735136e+00
2 11  9.663610856006508e-01
4 11  5.937518665708696e-01
6 11  7.057760874140268e-01
1 12 -1.219254878805427e+00
2 12  1.080447640381385e+00
4 12  6.385157651579780e-01
6 12  7.630189380645305e-01
8 12  9.715324330363303e-04
1 13 -1.381344979934656e+00
2 13  1.190485233243144e+00
4 13  6.791999444788016e-01
6 13  8.066445080488736e-01
8 13  2.513497329158749e-02
1 14 -1.543069156126384e+00
2 14  1.300714794945849e+00
4 14  7.201406816205433e-01
6 14  8.491439254460507e-01
8 14  4.820206298962789e-02
1 15 -1.705076262976014e+00
2 15  1.407270375547173e+00
4 15  7.585716542232976e-01
6 15  8.860149619070525e-01
8 15  7.895350094609631e-02
9 15  3.392693522963136e-02
1 16 -1.867550173116455e+00
2 16  1.510987720213872e+00
4 16  7.946590127170561e-01
6 16  9.179861380688251e-01
8 16  1.164176982401558e-01
9 16  9.795270608099528e-02
1 17 -2.030556361716438e+00
2 17  1.616097140945053e+00
4 17  8.310603309082287e-01
6 17  9.493512027507413e-01
8 17  1.525619930657743e-01
9 17  1.596901862200684e-01
1 18 -2.194440552290243e+00
2 18  1.722819186363516e+00
4 18  8.677366284339331e-01
6 18  9.800090404440198e-01
8 18  1.876863502020139e-01
9 18  2.194263510072793e-01
1 19 -2.359484407611224e+00
2 19  1.831344441706468e+00
4 19  9.046394331767844e-01
6 19  1.009866657003030e+00
8 19  2.220514326118132e-01
9 19  2.774077569150593e-01
1 20 -2.525916656380693e+00
2 20  1.941839065443565e+00
4 20  9.417086722995902e-01
6 20  1.038843171127276e+00
8 20  2.558826005702237e-01
9 20  3.338492750768531e-01
1 21 -2.683595064869176e+00
2 21  2.038190443137414e+00
4 21  9.824497763245265e-01
6 21  1.066557343305159e+00
8 21  2.959951326186348e-01
9 21  3.833060371686794e-01
23 21 -3.337621603306677e-02
1 22 -2.836853725561119e+00
2 22  2.127394036058407e+00
4 22  1.025080011996033e+00
6 22  1.093042192484090e+00
8 22  3.399896861752058e-01
9 22  4.285523972177878e-01
23 22 -8.576568363988515e-02
1 23 -2.992072115506308e+00
2 23  2.219471710810302e+00
4 23  1.067286561751752e+00
6 23  1.118438799799568e+00
8 23  3.840202871947801e-01
9 23  4.732314079145636e-01
23 23 -1.368387130033766e-01
1 24 -3.149367680785134e+00
2 24  2.314545116443673e+00
4 24  1.108981873241988e+00
6 24  1.142737457597570e+00
8 24  4.281632568939777e-01
9 24  5.174806084664142e-01
23 24 -1.866284090133427e-01
1 25 -3.308835295910827e+00
2 25  2.412723032423565e+00
4 25  1.150085568861621e+00
6 25  1.165954681584713e+00
8 25  4.724473636650666e-01
9 25  5.614125282274289e-01
23 25 -2.351552115491086e-01
1 26 -3.453185552320645e+00
2 26  2.503297257540082e+00
4 26  1.191962183897496e+00
6 26  1.190702972580308e+00
8 26  5.188592057924192e-01
9 26  6.005249152193485e-01
23 26 -2.865592386765188e-01
28 26 -1.968741414513830e-02
1 27 -3.579624498170448e+00
2 27  2.584999683448104e+00
4 27  1.233692220576852e+00
6 27  1.218586139932945e+00
8 27  5.684312443794699e-01
9 27  6.311097536081081e-01
11 27  7.332168551280570e-03
23 27 -3.418213932743007e-01
28 27 -6.553531253414673e-02
1 28 -3.720537301544754e+00
2 28  2.679075775761168e+00
4 28  1.270682048373457e+00
6 28  1.246233206741024e+00
8 28  6.183374538109040e-01
9 28  6.568332426458917e-01
11 28  3.419408376894591e-02
23 28 -3.940366717737254e-01
28 28 -1.060100979195263e-01
1 29 -3.865896406762384e+00
2 29  2.777987046085425e+00
4 29  1.306671136659819e+00
6 29  1.273657755379396e+00
8 29  6.679402768456053e-01
9 29  6.832767051477738e-01
11 29  6.092125025034753e-02
23 29 -4.443532146454669e-01
28 29 -1.452759168191464e-01
1 30 -4.015526020288025e+00
2 30  2.881618308237267e+00
4 30  1.341640745434342e+00
6 30  1.300926044506723e+00
8 30  7.171181534735029e-01
9 30  7.104342665970309e-01
11 30  8.748406864756846e-02
23 30 -4.927870230692497e-01
28 30 -1.833933507521233e-01
1 31 -4.171572003549400e+00
2 31  2.991139122937303e+00
4 31  1.376108259599899e+00
6 31  1.326080813427842e+00
8 31  7.646791133140124e-01
9 31  7.467726893117556e-01
11 31  1.134645802216263e-01
23 31 -5.348464865313176e-01
28 31 -2.160437199152990e-01
35 31 -2.112118910071135e-02
1 32 -4.333517892723468e+00
2 32  3.106180960565962e+00
4 32  1.410205426510409e+00
6 32  1.349513867379980e+00
8 32  8.103923495372128e-01
9 32  7.928241793603272e-01
11 32  1.385274595165647e-01
23 32 -5.703546216984642e-01
28 32 -2.435588692519285e-01
35 32 -6.476295635851317e-02
1 33 -4.496756197625975e+00
2 33  3.223594270618348e+00
4 33  1.442263270747372e+00
6 33  1.374272697085696e+00
8 33  8.551353136375860e-01
9 33  8.377953817871366e-01
11 33  1.629559007723524e-01
19 33  7.024483136767978e-03
23 33 -6.072293831301927e-01
28 33 -2.701382906930661e-01
35 33 -1.070701793621904e-01
1 34 -4.656903262755302e+00
2 34  3.339371897315381e+00
4 34  1.469901502372238e+00
6 34  1.401374374344555e+00
7 34  3.208044775236581e-03
8 34  8.982565930192810e-01
9 34  8.778498572742255e-01
11 34  1.865891757846391e-01
19 34  3.833710642737376e-02
23 34 -6.522517257186606e-01
26 34  8.358576290624569e-06
28 34 -2.934751547389752e-01
35 34 -1.476769451671335e-01
1 35 -4.822028212014514e+00
2 35  3.464947147854286e+00
4 35  1.482555614983095e+00
6 35  1.421684220501848e+00
7 35  2.944890055286366e-02
8 35  9.330094058226530e-01
9 35  9.165165676291190e-01
11 35  2.136517229257279e-01
19 35  6.957142455367743e-02
23 35 -6.891318937902542e-01
26 35  5.305763763991835e-02
28 35 -3.360960343288031e-01
35 35 -1.980638898987708e-01
1 36 -4.990153164999598e+00
2 36  3.594330355025980e+00
4 36  1.496986188615339e+00
6 36  1.439515254139356e+00
7 36  5.651762265393019e-02
8 36  9.643327589177358e-01
9 36  9.554744461269860e-01
11 36  2.401036152828854e-01
19 36  9.988728226773838e-02
23 36 -7.233308600933535e-01
26 36  1.018986427147962e-01
28 36 -3.796690625544323e-01
32 36  8.992555846589069e-03
35 36 -2.469445885184637e-01
1 37 -5.132792358347040e+00
2 37  3.709889912065177e+00
4 37  1.501029273738553e+00
5 37  3.079806750123777e-04
6 37  1.439999322253528e+00
7 37  1.129439668843761e-01
8 37  1.009243203349767e+00
9 37  9.864939375083096e-01
11 37  2.614516966282518e-01
19 37  1.260502917209759e-01
23 37 -7.766182076787175e-01
26 37  1.560072945733912e-01
28 37 -4.505419197592868e-01
31 37  9.635923595789372e-02
32 37  4.647269614323465e-02
35 37 -3.363689526518357e-01
1 38 -5.283446924977885e+00
2 38  3.833842818058769e+00
4 38  1.503624100294640e+00
5 38  7.245126017606028e-03
6 38  1.440917401419368e+00
7 38  1.740534818332260e-01
8 38  1.053601130341826e+00
9 38  1.015404865056231e+00
11 38  2.813691441175946e-01
19 38  1.528408108685720e-01
23 38 -8.295446012340737e-01
26 38  2.094928430013010e-01
28 38 -5.227471568168534e-01
31 38  1.958687900475800e-01
32 38  8.760494986213804e-02
35 38 -4.263641325481338e-01
1 39 -5.447119492238336e+00
2 39  3.969284463299009e+00
4 39  1.507998693664986e+00
5 39  1.134127683404273e-02
6 39  1.443190622860077e+00
7 39  2.350828564917606e-01
8 39  1.096923411531295e+00
9 39  1.044912198837595e+00
11 39  3.013197781758418e-01
19 39  1.789272540910222e-01
23 39 -8.812540468201093e-01
26 39  2.611614731145159e-01
28 39 -5.937641773706213e-01
31 39  2.931138215673517e-01
32 39  1.289402322303905e-01
35 39 -5.146551248092979e-01
1 40 -5.623237767062813e+00
2 40  4.115754160669841e+00
4 40  1.514163272218531e+00
5 40  1.286893920046563e-02
6 40  1.446681720813716e+00
7 40  2.962499074269693e-01
8 40  1.139080504401989e+00
9 40  1.074852985019596e+00
11 40  3.212511233460755e-01
19 40  2.046639708108591e-01
23 40 -9.321479866686706e-01
26 40  3.112793741579712e-01
28 40 -6.637596818141790e-01
31 40  3.881959747036579e-01
32 40  1.704862872765192e-01
35 40 -6.016407585890923e-01
1 41 -5.811378544643046e+00
2 41  4.272923347315275e+00
4 41  1.522133194244527e+00
5 41  1.210558491037944e-02
6 41  1.451279631809931e+00
7 41  3.577682776068041e-01
8 41  1.179964175125155e+00
9 41  1.105076852429705e+00
11 41  3.410932000445470e-01
19 41  2.303625072421646e-01
23 41 -9.825706404324964e-01
26 41  3.600948222443571e-01
28 41 -7.328555165330070e-01
31 41  4.811617239055412e-01
32 41  2.121995663491262e-01
35 41 -6.876594623818395e-01
1 42 -6.011234097744797e+00
2 42  4.440562896682948e+00
4 42  1.531931715585294e+00
5 42  9.290714152828502e-03
6 42  1.456881071173205e+00
7 42  4.198347017147679e-01
8 42  1.219503310525211e+00
9 42  1.135459593569883e+00
11 42  3.607706440346043e-01
19 42  2.562782557132283e-01
23 42 -1.032810440823605e+00
26 42  4.078280131652012e-01
28 42 -8.011381194830488e-01
31 42  5.720451171354924e-01
32 42  2.540023690539558e-01
35 42 -7.730022373296263e-01
1 43 -6.222547835717273e+00
2 43  4.618484119705000e+00
4 43  1.543582752897531e+00
5 43  4.630589550062099e-03
6 43  1.463383621723171e+00
7 43  4.826177275347830e-01
8 43  1.257667679999930e+00
9 43  1.165906244874019e+00
11 43  3.802087681001707e-01
19 43  2.826035634843491e-01
23 43 -1.083096466123643e+00
26 43  4.546655046150506e-01
28 43 -8.686661549601100e-01
31 43  6.608845780812530e-01
32 43  2.957985772456552e-01
35 43 -8.579147247933860e-01
1 44 -6.444282738363043e+00
2 44  4.805863753025430e+00
4 44  1.556782149247333e+00
6 44  1.470865609354065e+00
7 44  5.465707853529919e-01
8 44  1.294188464731599e+00
9 44  1.196019493578190e+00
11 44  3.991846335280463e-01
19 44  3.097609743552717e-01
23 44 -1.133376003518973e+00
26 44  5.008294939033247e-01
28 44 -9.354657028676527e-01
31 44  7.469094227193750e-01
32 44  3.376253614920253e-01
35 44 -9.422897857656377e-01
1 45 -6.672309877186650e+00
2 45  4.999330559307007e+00
4 45  1.572890751688762e+00
6 45  1.478459761402988e+00
7 45  6.145076071558470e-01
8 45  1.327262463647938e+00
9 45  1.224498321789445e+00
11 45  4.151505639544525e-01
19 45  3.384050307053469e-01
23 45 -1.185687737579078e+00
25 45  7.043734071742817e-03
26 45  5.470639611387995e-01
28 45 -1.001980743083767e+00
31 45  8.265397408758949e-01
32 45  3.798967932502439e-01
35 45 -1.024837765380938e+00
1 46 -6.904906508073288e+00
2 46  5.197373928059580e+00
4 46  1.596757722297157e+00
6 46  1.483610604654079e+00
7 46  6.888577785379074e-01
8 46  1.355362804468726e+00
9 46  1.251541210875339e+00
11 46  4.246338144760118e-01
19 46  3.673976547966550e-01
23 46 -1.245328673767198e+00
25 46  3.427870582730148e-02
26 46  5.942429248252851e-01
28 46 -1.069129202689546e+00
31 46  8.993195783554185e-01
32 46  4.223204588531731e-01
35 46 -1.105400371623665e+00
1 47 -7.145647315037682e+00
2 47  5.402761842223820e+00
4 47  1.621648006470651e+00
6 47  1.490268701501102e+00
7 47  7.634964552240224e-01
8 47  1.381799403093642e+00
9 47  1.278600620254152e+00
11 47  4.340020904520429e-01
19 47  3.969279390785276e-01
23 47 -1.304374274399436e+00
25 47  6.036817500884244e-02
26 47  6.409794823020916e-01
28 47 -1.135619392777145e+00
31 47  9.698088674488576e-01
32 47  4.643065327762413e-01
35 47 -1.185852414808960e+00
1 48 -7.390491312883905e+00
2 48  5.616384408070552e+00
4 48  1.640575522142286e+00
6 48  1.490450596742140e+00
7 48  8.431017813086656e-01
8 48  1.409017820859628e+00
9 48  1.303169708643529e+00
11 48  4.450809116681358e-01
19 48  4.274728946922540e-01
23 48 -1.369676122694701e+00
24 48  2.906315499127980e-02
25 48  9.203094630153373e-02
26 48  6.851909146712770e-01
28 48 -1.211712911336435e+00
31 48  1.036030693317951e+00
32 48  4.982388720174545e-01
35 48 -1.266885231455364e+00
1 49 -7.640125814534628e+00
2 49  5.838819632078282e+00
4 49  1.652979853325609e+00
6 49  1.484314963443445e+00
7 49  9.270384698706187e-01
8 49  1.437769774171225e+00
9 49  1.325587178441996e+00
11 49  4.579165901648063e-01
19 49  4.584306148055878e-01
23 49 -1.440887955418545e+00
24 49  8.620416853097830e-02
25 49  1.289994441652605e-01
26 49  7.269048666736337e-01
28 49 -1.296723455137438e+00
31 49  1.098434661072095e+00
32 49  5.242419937632221e-01
35 49 -1.348215907633681e+00
1 50 -7.895636543332352e+00
2 50  6.067313546781771e+00
4 50  1.662754516203997e+00
6 50  1.480496294351622e+00
7 50  1.009467675604703e+00
8 50  1.466344699568208e+00
9 50  1.348593078827642e+00
11 50  4.711746297207418e-01
19 50  4.893663872863664e-01
23 50 -1.510905681113038e+00
24 50  1.416468305923611e-01
25 50  1.648320390553780e-01
26 50  7.659691932945717e-01
28 50 -1.381420124133373e+00
30 50  6.132051634928809e-03
31 50  1.159455640535026e+00
32 50  5.484640864574809e-01
35 50 -1.429238633730546e+00
1 51 -8.154390171442861e+00
2 51  6.301912517112876e+00
4 51  1.661863465228364e+00
6 51  1.480991013594636e+00
7 51  1.089102136965764e+00
8 51  1.495720294441207e+00
9 51  1.372111129800985e+00
11 51  4.865095718645652e-01
19 51  5.222359932100302e-01
23 51 -1.580355540524049e+00
24 51  1.953517312053109e-01
25 51  2.005083803848128e-01
26 51  7.964762125010548e-01
28 51 -1.470041153324461e+00
30 51  3.577406831383755e-02
31 51  1.219248955362380e+00
32 51  5.666511771655534e-01
35 51 -1.510916181552051e+00
1 52 -8.435951020961548e+00
2 52  6.559104747138955e+00
4 52  1.660293746081562e+00
6 52  1.489908779560397e+00
7 52  1.164512460273495e+00
8 52  1.525443967587170e+00
9 52  1.406476572066381e+00
11 52  5.060074099180726e-01
17 52 -4.536113717087778e-02
19 52  5.626735440459127e-01
23 52 -1.645833344503895e+00
24 52  2.512035035843869e-01
25 52  2.300785918807150e-01
26 52  8.216702054676749e-01
28 52 -1.566091332822698e+00
30 52  7.006724902085627e-02
31 52  1.279850687276762e+00
32 52  5.826426318021475e-01
35 52 -1.573347218085833e+00
1 53 -8.728182009090716e+00
2 53  6.826463486427334e+00
4 53  1.661026834667688e+00
6 53  1.503011531378928e+00
7 53  1.241166768488023e+00
8 53  1.546975506262534e+00
9 53  1.445107485737963e+00
11 53  5.289075589163926e-01
16 53  1.224894524054621e-02
17 53 -1.088859129971748e-01
19 53  6.029523076842701e-01
23 53 -1.709628288077548e+00
24 53  3.026963661643969e-01
25 53  2.556747651602945e-01
26 53  8.424308998683818e-01
28 53 -1.665128488987045e+00
30 53  1.066786072920826e-01
31 53  1.341649129447970e+00
32 53  5.977863058871872e-01
35 53 -1.625457693567931e+00
1 54 -9.023555471076115e+00
2 54  7.096393602053035e+00
4 54  1.664375021109955e+00
6 54  1.517988099156452e+00
7 54  1.319779860973036e+00
8 54  1.559565246839359e+00
9 54  1.484673207568669e+00
11 54  5.538986911943581e-01
16 54  3.736951206812255e-02
17 54 -1.758188355185668e-01
19 54  6.402610183406271e-01
23 54 -1.772449817351326e+00
24 54  3.482967277193978e-01
25 54  2.789283009836941e-01
26 54  8.602970878758569e-01
28 54 -1.764367087690588e+00
30 54  1.441792012098813e-01
31 54  1.404109604840136e+00
32 54  6.128116297921898e-01
35 54 -1.673078308775085e+00
1 55 -9.315626439027470e+00
2 55  7.364335070879632e+00
4 55  1.670211306104315e+00
6 55  1.536299808372486e+00
7 55  1.395324762695129e+00
8 55  1.570352576577640e+00
9 55  1.523542393202929e+00
11 55  5.758698722474334e-01
12 55 -1.301031285418340e-02
16 55  6.596611550574870e-02
17 55 -2.393936315392712e-01
19 55  6.785950028517058e-01
23 55 -1.832406252199533e+00
24 55  3.949838935854210e-01
25 55  3.021851409791412e-01
26 55  8.785781851962827e-01
28 55 -1.861431141479176e+00
30 55  1.815333384097006e-01
31 55  1.464622716792446e+00
32 55  6.274795287919667e-01
35 55 -1.722544527505133e+00
1 56 -9.585370688557182e+00
2 56  7.616474288782278e+00
4 56  1.683632730517785e+00
6 56  1.563743033028981e+00
7 56  1.464927541301137e+00
8 56  1.572271875108651e+00
9 56  1.558975568572854e+00
10 56  1.110642058640851e-02
11 56  5.853872879690928e-01
12 56 -8.254262887061935e-02
16 56  1.103706511371347e-01
17 56 -2.886297246111692e-01
19 56  7.239354801331809e-01
23 56 -1.889319839522051e+00
24 56  4.532130633478346e-01
25 56  3.297975188487952e-01
26 56  8.974334229987020e-01
28 56 -1.953980120954814e+00
30 56  2.185989347865552e-01
31 56  1.519782046237966e+00
32 56  6.386555375050395e-01
35 56 -1.783436051244448e+00
1 57 -9.856621330155708e+00
2 57  7.869131074985352e+00
4 57  1.688990684431331e+00
6 57  1.591714310811567e+00
7 57  1.534470124360074e+00
8 57  1.567258322938329e+00
9 57  1.599185092408485e+00
10 57  4.630652864088027e-02
11 57  5.943778291869121e-01
12 57 -1.579326688616021e-01
16 57  1.529462531546465e-01
17 57 -3.381745329834245e-01
19 57  7.660018193736670e-01
23 57 -1.945170033800966e+00
24 57  5.158546748377626e-01
25 57  3.562592448246886e-01
26 57  9.128010342214689e-01
28 57 -2.049442738796467e+00
30 57  2.562455858990516e-01
31 57  1.576468943374194e+00
32 57  6.517797805451692e-01
35 57 -1.844868098926413e+00
1 58 -1.013209432166954e+01
2 58  8.125569100557025e+00
4 58  1.693668464182689e+00
6 58  1.622956171403526e+00
7 58  1.602462246192765e+00
8 58  1.560821745821779e+00
9 58  1.640678629848922e+00
10 58  8.097604801979623e-02
11 58  6.033045900951413e-01
12 58 -2.342272990000641e-01
16 58  1.960408468027080e-01
17 58 -3.889657908182408e-01
19 58  8.077368777894239e-01
23 58 -1.998545167786474e+00
24 58  5.773333399118246e-01
25 58  3.814813192964469e-01
26 58  9.280490083044818e-01
28 58 -2.144959355317746e+00
30 58  2.942598042384049e-01
31 58  1.633279378151278e+00
32 58  6.657475523534359e-01
35 58 -1.905800813125475e+00
1 59 -1.041194592037101e+01
2 59  8.385995428316509e+00
4 59  1.697797903094056e+00
6 59  1.657375450178493e+00
7 59  1.668937346394113e+00
8 59  1.553162632882808e+00
9 59  1.683293148020567e+00
10 59  1.148815945844072e-01
11 59  6.121258467397592e-01
12 59 -3.114366156652477e-01
16 59  2.396302011343679e-01
17 59 -4.410678754152236e-01
19 59  8.491571329876243e-01
23 59 -2.049434217094523e+00
24 59  6.376937618881362e-01
25 59  4.054621836417031e-01
26 59  9.431754396734296e-01
28 59 -2.240436212204246e+00
30 59  3.325603602466075e-01
31 59  1.690285733802129e+00
32 59  6.804194550347927e-01
35 59 -1.966263792356546e+00
1 60 -1.069631304529462e+01
2 60  8.650589055023831e+00
4 60  1.701505254368812e+00
6 60  1.694870897167503e+00
7 60  1.733941214215273e+00
8 60  1.544463293378307e+00
9 60  1.726859266169527e+00
10 60  1.478192448048775e-01
11 60  6.208144091308935e-01
12 60 -3.895496043898610e-01
16 60  2.836815531806718e-01
17 60 -4.945290516177276e-01
19 60  8.902784087623413e-01
23 60 -2.097850661634618e+00
24 60  6.969644353400468e-01
25 60  4.281988164060305e-01
26 60  9.581838938458044e-01
28 60 -2.335775170497776e+00
30 60  3.710711430887469e-01
31 60  1.747542262437384e+00
32 60  6.956670309271085e-01
35 60 -2.026269944354860e+00
1 61 -1.096831281386126e+01
2 61  8.908828344442311e+00
4 61  1.690513178242287e+00
6 61  1.722349017907763e+00
7 61  1.802882223692911e+00
8 61  1.532181406983840e+00
9 61  1.771120707117129e+00
10 61  2.339930068490962e-01
11 61  6.182418939594388e-01
12 61 -4.706926090461820e-01
16 61  3.311715329328326e-01
17 61 -5.640017986501981e-01
19 61  9.305655878386923e-01
20 61 -6.997725388499132e-02
23 61 -2.143253406185011e+00
24 61  7.807627239307456e-01
25 61  4.545479969859820e-01
26 61  9.815190946093939e-01
28 61 -2.433579529425019e+00
30 61  4.145356086049285e-01
31 61  1.807579925114720e+00
32 61  7.130043946475817e-01
35 61 -2.076436072889956e+00
1 62 -1.124071966480387e+01
2 62  9.169423249267403e+00
4 62  1.671312463728402e+00
6 62  1.745163803298060e+00
7 62  1.872403693951727e+00
8 62  1.521422806250647e+00
9 62  1.816494660156142e+00
10 62  3.516307072476486e-01
11 62  6.102663555143905e-01
12 62 -5.562617301676757e-01
16 62  3.874074397959121e-01
17 62 -6.458836255211116e-01
19 62  9.744831029504275e-01
20 62 -1.841778550417965e-01
23 62 -2.187245966179936e+00
24 62  8.774094921798473e-01
25 62  4.821725608761659e-01
26 62  1.011980662436032e+00
28 62 -2.526728182518168e+00
30 62  4.652824349372148e-01
31 62  1.865944601032346e+00
32 62  7.375586456632575e-01
34 62 -2.355183541340549e-02
35 62 -2.116120243388838e+00
1 63 -1.152505973531905e+01
2 63  9.440117995020652e+00
4 63  1.652580105515996e+00
6 63  1.771892933993786e+00
7 63  1.939753964033246e+00
8 63  1.511257782995702e+00
9 63  1.862772964796680e+00
10 63  4.697098424066061e-01
11 63  6.038023099712957e-01
12 63 -6.450373963495275e-01
16 63  4.503211708627350e-01
17 63 -7.315158073675841e-01
19 63  1.021845589685177e+00
20 63 -3.020811915302056e-01
23 63 -2.230023984730324e+00
24 63  9.722346106386940e-01
25 63  5.084251968335453e-01
26 63  1.044162005735593e+00
28 63 -2.615379527363280e+00
30 63  5.200410124114655e-01
31 63  1.922010716931716e+00
32 63  7.671898893480144e-01
34 63 -6.505885849860941e-02
35 63 -2.151467051462702e+00
1 64 -1.180464988578049e+01
2 64  9.704669340518096e+00
4 64  1.632735951037870e+00
6 64  1.805418473877444e+00
7 64  2.006692936328597e+00
8 64  1.489248229090747e+00
9 64  1.908291455203602e+00
10 64  5.938079421777400e-01
11 64  5.952263973425075e-01
12 64 -7.353246611783523e-01
15 64  1.105385857244254e-02
16 64  5.184922898298736e-01
17 64 -8.191549461243917e-01
19 64  1.069606752421541e+00
20 64 -4.256501264131712e-01
23 64 -2.273844981454400e+00
24 64  1.067553246094078e+00
25 64  5.314919553881267e-01
26 64  1.076707621858534e+00
28 64 -2.707570453733403e+00
30 64  5.780939183866044e-01
31 64  1.979914091552213e+00
32 64  7.982968349269400e-01
34 64 -1.044211736442561e-01
35 64 -2.186650740595088e+00
1 65 -1.209334423071031e+01
2 65  9.976990739069663e+00
4 65  1.613094502688270e+00
6 65  1.845046710627435e+00
7 65  2.073026242522525e+00
8 65  1.460710784263532e+00
9 65  1.954069775458841e+00
10 65  7.205811864541125e-01
11 65  5.867198075922562e-01
12 65 -8.281160317772629e-01
15 65  2.437776190692478e-02
16 65  5.898787754288135e-01
17 65 -9.092644029207085e-01
19 65  1.117986955362012e+00
20 65 -5.529865771663173e-01
23 65 -2.315619022014304e+00
24 65  1.162333240642175e+00
25 65  5.529318421432931e-01
26 65  1.109293551844467e+00
28 65 -2.801997243781061e+00
30 65  6.377243043500240e-01
31 65  2.039222748976789e+00
32 65  8.300561948412164e-01
34 65 -1.406083885777087e-01
35 65 -2.221738607433344e+00
1 66 -1.239593620707332e+01
2 66  1.026195334269505e+01
4 66  1.594290150982493e+00
6 66  1.890101912148468e+00
7 66  2.138695134582979e+00
8 66  1.428326467937172e+00
9 66  2.000458820545899e+00
10 66  8.480564160012074e-01
11 66  5.791006742739557e-01
12 66 -9.234271348336127e-01
15 66  3.656102105725915e-02
16 66  6.632123542596590e-01
17 66 -1.001749482813628e+00
19 66  1.166856184289626e+00
20 66 -6.826703970560634e-01
23 66 -2.354264876539438e+00
24 66  1.256078385799367e+00
25 66  5.733836261620652e-01
26 66  1.141822973673084e+00
28 66 -2.898056322618746e+00
30 66  6.979433371830270e-01
31 66  2.099836531027478e+00
32 66  8.622238421441525e-01
34 66 -1.733400462102640e-01
35 66 -2.256889251321829e+00
1 67 -1.271073748596219e+01
2 67  1.055796142252135e+01
4 67  1.576478225736462e+00
6 67  1.939902270698018e+00
7 67  2.203703471562343e+00
8 67  1.393114868416600e+00
9 67  2.047351431869750e+00
10 67  9.751489996802986e-01
11 67  5.723154757308146e-01
12 67 -1.020581405991941e+00
15 67  4.759555430868854e-02
16 67  7.377415220267390e-01
17 67 -1.096137040515651e+00
19 67  1.215887798888454e+00
20 67 -8.135869196938831e-01
23 67 -2.390043327093534e+00
24 67  1.348562753903457e+00
25 67  5.928809540968396e-01
26 67  1.174319063955341e+00
28 67 -2.995539816303195e+00
30 67  7.583318799066149e-01
31 67  2.161772315622174e+00
32 67  8.948163447997807e-01
34 67 -2.028435241843904e-01
35 67 -2.292213061372495e+00
1 68 -1.303530491163566e+01
2 68  1.086270486348376e+01
4 68  1.559766439580773e+00
6 68  1.993642198967593e+00
7 68  2.268009142563891e+00
8 68  1.356116032370085e+00
9 68  2.094594633503099e+00
10 68  1.100764570047421e+00
11 68  5.662989699817348e-01
12 68 -1.118792198873040e+00
15 68  5.754993237392040e-02
16 68  8.126579013595691e-01
17 68 -1.191849384980020e+00
19 68  1.264727528760623e+00
20 68 -9.445396650543870e-01
23 68 -2.423296592989137e+00
24 68  1.439533792567281e+00
25 68  6.114592391595811e-01
26 68  1.206780458930589e+00
28 68 -3.094140924262978e+00
30 68  8.184780547543309e-01
31 68  2.224955805767053e+00
32 68  9.278205031959921e-01
34 68 -2.294243842901279e-01
35 68 -2.327746045022451e+00
1 69 -1.340948641173901e+01
2 69  1.121470774083451e+01
4 69  1.563638638929534e+00
5 69 -5.178524770916317e-02
6 69  2.049605542193147e+00
7 69  2.321009912580361e+00
8 69  1.329417314435331e+00
9 69  2.152371042869468e+00
10 69  1.214181182619168e+00
11 69  5.606925472331326e-01
12 69 -1.232381496046699e+00
13 69 -1.767820030838430e-02
15 69  6.612404061529759e-02
16 69  8.938649985275443e-01
17 69 -1.285473937173820e+00
19 69  1.310425539973059e+00
20 69 -1.095081748049448e+00
23 69 -2.457592416837507e+00
24 69  1.526617810364526e+00
25 69  6.418840494675238e-01
26 69  1.245555627671188e+00
28 69 -3.186088850612253e+00
30 69  8.748853134884856e-01
31 69  2.313413642103701e+00
32 69  9.555891034328157e-01
34 69 -2.440712680155084e-01
35 69 -2.378952260789337e+00
1 70 -1.380101662400010e+01
2 70  1.157881708355723e+01
4 70  1.578244730022791e+00
5 70 -1.059551816787381e-01
6 70  2.119996443660036e+00
7 70  2.374944873567088e+00
8 70  1.297275490905022e+00
9 70  2.226633443841298e+00
10 70  1.318666205041757e+00
11 70  5.588360189530115e-01
12 70 -1.358014585378345e+00
13 70 -7.261882108458813e-02
15 70  7.639475583549313e-02
16 70  9.895150489308728e-01
17 70 -1.378845309941271e+00
18 70  2.537250428172211e-02
19 70  1.358671811766475e+00
20 70 -1.264208253751073e+00
23 70 -2.492249258319429e+00
24 70  1.591695263894492e+00
25 70  6.871244247786612e-01
26 70  1.285663336128376e+00
28 70 -3.277990377471839e+00
30 70  9.337883028300843e-01
31 70  2.398922837507404e+00
32 70  9.792850781560614e-01
34 70 -2.479251014651977e-01
35 70 -2.430229238035281e+00
1 71 -1.420458857081439e+01
2 71  1.195347331149633e+01
4 71  1.596106433983357e+00
5 71 -1.601838826005381e-01
6 71  2.192869866920170e+00
7 71  2.428796249563107e+00
8 71  1.265071544374062e+00
9 71  2.303516277785876e+00
10 71  1.418735299201125e+00
11 71  5.560454244444464e-01
12 71 -1.487031656319741e+00
13 71 -1.279432792508367e-01
15 71  8.496925891596317e-02
16 71  1.083970201601091e+00
17 71 -1.473895587770111e+00
18 71  6.225002184589918e-02
19 71  1.408245601280002e+00
20 71 -1.436008488271272e+00
23 71 -2.525595300881177e+00
24 71  1.652836532184412e+00
25 71  7.333531643171154e-01
26 71  1.325345129290523e+00
28 71 -3.371896713866523e+00
30 71  9.926904710398029e-01
31 71  2.484336239035186e+00
32 71  1.001469557658019e+00
34 71 -2.465978277379185e-01
35 71 -2.481796627927807e+00
1 72 -1.461313232368205e+01
2 72  1.233240781586669e+01
4 72  1.614027409707156e+00
5 72 -2.123449906574484e-01
6 72  2.267293009677427e+00
7 72  2.482164850756672e+00
8 72  1.233641123166859e+00
9 72  2.380665895378618e+00
10 72  1.515944723250511e+00
11 72  5.549845130967480e-01
12 72 -1.614534906606368e+00
13 72 -1.841580275938380e-01
15 72  9.181400318035779e-02
16 72  1.177689254155428e+00
17 72 -1.569557156386605e+00
18 72  9.852260689833094e-02
19 72  1.458085310796138e+00
20 72 -1.604737276252017e+00
23 72 -2.557970187132848e+00
24 72  1.712008383598827e+00
25 72  7.793534083175229e-01
26 72  1.364769475608558e+00
28 72 -3.466767587326150e+00
30 72  1.051195394174366e+00
31 72  2.569912857719342e+00
32 72  1.024177414983164e+00
34 72 -2.438288193959990e-01
35 72 -2.532909648018219e+00
1 73 -1.502400349279464e+01
2 73  1.271315302449004e+01
4 73  1.631900742122822e+00
5 73 -2.623755725525791e-01
6 73  2.342676679703358e+00
7 73  2.534942597080527e+00
8 73  1.203332646562269e+00
9 73  2.457754878735347e+00
10 73  1.609944093596845e+00
11 73  5.555480824590489e-01
12 73 -1.739933323872987e+00
13 73 -2.410250440842978e-01
15 73  9.710330955548654e-02
16 73  1.270173274734915e+00
17 73 -1.665334156394319e+00
18 73  1.341108019211045e-01
19 73  1.507962244943407e+00
20 73 -1.769692392643534e+00
23 73 -2.589623056753127e+00
24 73  1.769113063962896e+00
25 73  8.249790187722645e-01
26 73  1.403800464561810e+00
28 73 -3.562141258167023e+00
30 73  1.109116349069428e+00
31 73  2.655404015943452e+00
32 73  1.047308134683152e+00
34 73 -2.399432712930025e-01
35 73 -2.583399341894016e+00
1 74 -1.543518585153414e+01
2 74  1.309385186049314e+01
4 74  1.649641436881509e+00
5 74 -3.102848403918417e-01
6 74  2.418547458074305e+00
7 74  2.587019694968513e+00
8 74  1.174328976129003e+00
9 74  2.534499751162362e+00
10 74  1.700567724446269e+00
11 74  5.576194791995587e-01
12 74 -1.862815229713885e+00
13 74 -2.983057639381954e-01
15 74  1.009936825225397e-01
16 74  1.361067082625200e+00
17 74 -1.760812730486505e+00
18 74  1.689604501157010e-01
19 74  1.557690048091147e+00
20 74 -1.930428487665789e+00
23 74 -2.620708827473324e+00
24 74  1.824106367972351e+00
25 74  8.700953732529282e-01
26 74  1.442313365689284e+00
28 74 -3.657589616605811e+00
30 74  1.166312712412585e+00
31 74  2.740582715532819e+00
32 74  1.070744313567555e+00
34 74 -2.351815765055918e-01
35 74 -2.633136310936837e+00
1 75 -1.585681756343271e+01
2 75  1.348537212039334e+01
4 75  1.665997068288743e+00
5 75 -3.561688720350557e-01
6 75  2.496485277442674e+00
7 75  2.641168320945763e+00
8 75  1.148756323870114e+00
9 75  2.607895373160561e+00
10 75  1.781961556255563e+00
11 75  5.623676320500500e-01
12 75 -1.982781216446591e+00
13 75 -3.544168893853741e-01
15 75  1.019683926583761e-01
16 75  1.453315435266447e+00
17 75 -1.856904126209682e+00
18 75  2.011920608130186e-01
19 75  1.609527160563283e+00
20 75 -2.085959791425625e+00
23 75 -2.648957485649791e+00
24 75  1.877066353464126e+00
25 75  9.147423972614872e-01
26 75  1.482883024743801e+00
27 75 -8.836611471242949e-03
28 75 -3.755455997237366e+00
30 75  1.223351130627175e+00
31 75  2.828182880171577e+00
32 75  1.092042861349613e+00
34 75 -2.284391226221034e-01
35 75 -2.681601850988957e+00
1 76 -1.630233701336972e+01
2 76  1.390186585267242e+01
4 76  1.679523360135847e+00
5 76 -4.000280348241328e-01
6 76  2.578709334882712e+00
7 76  2.700834678179141e+00
8 76  1.129186902084569e+00
9 76  2.674552775779183e+00
10 76  1.847045985500962e+00
11 76  5.715239395634701e-01
12 76 -2.099771512087558e+00
13 76 -4.076226964446538e-01
15 76  9.812607918673380e-02
16 76  1.550858035482740e+00
17 76 -1.955134326557657e+00
18 76  2.287882253328084e-01
19 76  1.666399456709574e+00
20 76 -2.235628302821048e+00
23 76 -2.671732081783561e+00
24 76  1.928264815601570e+00
25 76  9.590571637316557e-01
26 76  1.528762887398904e+00
27 76 -3.695225056676739e-02
28 76 -3.858884210923090e+00
30 76  1.281111779520762e+00
31 76  2.921415347507228e+00
32 76  1.108175156762019e+00
34 76 -2.182045908122081e-01
35 76 -2.728093107929054e+00
1 77 -1.674583857443745e+01
2 77  1.431625787300526e+01
4 77  1.692718353266445e+00
5 77 -4.418424859058894e-01
6 77  2.660760391355733e+00
7 77  2.759818781821634e+00
8 77  1.111277622258553e+00
9 77  2.740203563087600e+00
10 77  1.908236360860804e+00
11 77  5.822800264356609e-01
12 77 -2.213976500968712e+00
13 77 -4.605627362053034e-01
15 77  9.314240402385254e-02
16 77  1.646798381864044e+00
17 77 -2.052619969166861e+00
18 77  2.557309198428293e-01
19 77  1.723057014256648e+00
20 77 -2.381004008042338e+00
23 77 -2.694146128244208e+00
24 77  1.977683449416229e+00
25 77  1.002603869887956e+00
26 77  1.574191962261738e+00
27 77 -6.542354414846141e-02
28 77 -3.961791555127844e+00
30 77  1.338111945120874e+00
31 77  3.013732548842095e+00
32 77  1.123890094815688e+00
34 77 -2.072767331503799e-01
35 77 -2.773402214135155e+00
1 78 -1.718577222017988e+01
2 78  1.472712340678649e+01
4 78  1.705574183903890e+00
5 78 -4.817543677525654e-01
6 78  2.742245022005787e+00
7 78  2.817926216276964e+00
8 78  1.094914960019285e+00
9 78  2.804715314677963e+00
10 78  1.965835148451178e+00
11 78  5.943753121755873e-01
12 78 -2.325221409455346e+00
13 78 -5.129856233536658e-01
15 78  8.722259910699612e-02
16 78  1.740831066580383e+00
17 78 -2.148979172893859e+00
18 78  2.820020175701064e-01
19 78  1.779245993083691e+00
20 78 -2.521985565012987e+00
23 78 -2.716249786528847e+00
24 78  2.025405406263820e+00
25 78  1.045268838436154e+00
26 78  1.618995564811768e+00
27 78 -9.398524555512043e-02
28 78 -4.063747353622090e+00
30 78  1.394203784556869e+00
31 78  3.104845207566959e+00
32 78  1.139134105203872e+00
34 78 -1.957956633610876e-01
35 78 -2.817512874605068e+00
1 79 -1.762072135012918e+01
2 79  1.513316503629230e+01
4 79  1.718082683795348e+00
5 79 -5.198982865858466e-01
6 79  2.822806984511980e+00
7 79  2.874975120112438e+00
8 79  1.079974669464308e+00
9 79  2.867962578650094e+00
10 79  2.020144944081778e+00
11 79  6.075486753431530e-01
12 79 -2.433361383406007e+00
13 79 -5.646516252014335e-01
15 79  8.056224034716571e-02
16 79  1.832683408900120e+00
17 79 -2.243858653059386e+00
18 79  3.075777042048552e-01
19 79  1.834726317975498e+00
20 79 -2.658496080005103e+00
23 79 -2.738067838382717e+00
24 79  2.071512276511128e+00
25 79  1.086944818731798e+00
26 79  1.663012166529180e+00
27 79 -1.223926341135250e-01
28 79 -4.164359198430077e+00
30 79  1.449249011088997e+00
31 79  3.194488024360795e+00
32 79  1.153868057501600e+00
34 79 -1.838899749476915e-01
35 79 -2.860418416454373e+00
1 80 -1.804941287543453e+01
2 80  1.553322080556089e+01
4 80  1.730236098548602e+00
5 80 -5.563958646844406e-01
6 80  2.902129859772037e+00
7 80  2.930800390132454e+00
8 80  1.066329890114829e+00
9 80  2.929828757807887e+00
10 80  2.071454250838027e+00
11 80  6.215496908226984e-01
12 80 -2.538278229691550e+00
13 80 -6.153427762317152e-01
15 80  7.334116525373680e-02
16 80  1.922118732878646e+00
17 80 -2.336939977881340e+00
18 80  3.324321537521680e-01
19 80  1.889278283835440e+00
20 80 -2.790479415403408e+00
23 80 -2.759606184393776e+00
24 80  2.116077429521219e+00
25 80  1.127535693529420e+00
26 80  1.706096351626428e+00
27 80 -1.504270365563903e-01
28 80 -4.263276495482664e+00
30 80  1.503121281619380e+00
31 80  3.282422993271239e+00
32 80  1.168068403217926e+00
34 80 -1.716795564792591e-01
35 80 -2.902117252130577e+00
1 81 -1.847072872043799e+01
2 81  1.592627421286778e+01
4 81  1.742027687100293e+00
5 81 -5.913533104982094e-01
6 81  2.979938948791717e+00
7 81  2.985257006136742e+00
8 81  1.053856908305028e+00
9 81  2.990207834076370e+00
10 81  2.120027875774068e+00
11 81  6.361468300637473e-01
12 81 -2.639878741729397e+00
13 81 -6.648694446596376e-01
15 81  6.571921506605528e-02
16 81  2.008939068548543e+00
17 81 -2.427944259748467e+00
18 81  3.565403924766428e-01
19 81  1.942707628895172e+00
20 81 -2.917898898021526e+00
23 81 -2.780856649552693e+00
24 81  2.159162542726492e+00
25 81  1.166959694344702e+00
26 81  1.748121238566877e+00
27 81 -1.779003418919554e-01
28 81 -4.360192976659612e+00
30 81  1.555708280830535e+00
31 81  3.368442037007929e+00
32 81  1.181726143616654e+00
34 81 -1.592761954394797e-01
35 81 -2.942610018376567e+00
1 82 -1.888371175216660e+01
2 82  1.631145913422167e+01
4 82  1.753452150632393e+00
5 82 -6.248611876244092e-01
6 82  3.056001473705686e+00
7 82  3.038221821471169e+00
8 82  1.042438814549525e+00
9 82  3.049005906585495e+00
10 82  2.166102070771224e+00
11 82  6.511324232841539e-01
12 82 -2.738093476364163e+00
13 82 -7.130735314988620e-01
15 82  5.783435507234914e-02
16 82  2.092985978926083e+00
17 82 -2.516634497591892e+00
18 82  3.798804238515883e-01
19 82  1.994848293278996e+00
20 82 -3.040736878632085e+00
23 82 -2.801800950799698e+00
24 82  2.200816710417459e+00
25 82  1.205150912836448e+00
26 82  1.788979701030984e+00
27 82 -2.046567823388153e-01
28 82 -4.454847325248889e+00
30 82  1.606913088446041e+00
31 82  3.452367961122027e+00
32 82  1.194844486618934e+00
34 82 -1.467831459909382e-01
35 82 -2.981897976231895e+00
1 83 -1.928756498556160e+01
2 83  1.668805855458798e+01
4 83  1.764505825195952e+00
5 83 -6.569956067144573e-01
6 83  3.130125142027920e+00
7 83  3.089593990252042e+00
8 83  1.031967584823003e+00
9 83  3.106142254006055e+00
10 83  2.209883231086581e+00
11 83  6.663248677681428e-01
12 83 -2.832875421965200e+00
13 83 -7.598288408114443e-01
15 83  4.980279609481732e-02
16 83  2.174139512245862e+00
17 83 -2.602815675240737e+00
18 83  4.024345649474976e-01
19 83  2.045563086115707e+00
20 83 -3.158994267561424e+00
23 83 -2.822414000369968e+00
24 83  2.241077338311364e+00
25 83  1.242059362903220e+00
26 83  1.828584494291477e+00
27 83 -2.305724636885875e-01
28 83 -4.547022067549074e+00
30 83  1.656654755604657e+00
31 83  3.534053870002374e+00
32 83  1.207435819251843e+00
34 83 -1.342943399495408e-01
35 83 -3.019982291136275e+00
1 84 -1.968164502213016e+01
2 84  1.705549803281515e+01
4 84  1.775186720604421e+00
5 84 -6.878202118567780e-01
6 84  3.202155456606625e+00
7 84  3.139294327756128e+00
8 84  1.022345010003702e+00
9 84  3.161549865412043e+00
10 84  2.251548983288134e+00
11 84  6.815687404225044e-01
12 84 -2.924198385153228e+00
13 84 -8.050394089408888e-01
15 84  4.172048425717494e-02
16 84  2.252315599438038e+00
17 84 -2.686333073834334e+00
18 84  4.241900993438825e-01
19 84  2.094742749946823e+00
20 84 -3.272689722317899e+00
23 84 -2.842666584968165e+00
24 84  2.279972042060714e+00
25 84  1.277650029802361e+00
26 84  1.866867505451411e+00
27 84 -2.555533272367275e-01
28 84 -4.636541140517499e+00
30 84  1.704868154599489e+00
31 84  3.613381483544431e+00
32 84  1.219518611802717e+00
34 84 -1.218936787396481e-01
35 84 -3.056863937586425e+00
1 85 -2.006545208819346e+01
2 85  1.741333645814152e+01
4 85  1.785494847326322e+00
5 85 -7.173887350178780e-01
6 85  3.271972174574028e+00
7 85  3.187263843508560e+00
8 85  1.013482652413825e+00
9 85  3.215175734526069e+00
10 85  2.291250525495893e+00
11 85  6.967333318675463e-01
12 85 -3.012055068063846e+00
13 85 -8.486364108831536e-01
15 85  3.366529066219242e-02
16 85  2.327461773719136e+00
17 85 -2.767069370250583e+00
18 85  4.451394438112967e-01
19 85  2.142303981664190e+00
20 85 -3.381858506116833e+00
23 85 -2.862527084029615e+00
24 85  2.317520769661237e+00
25 85  1.311901319242599e+00
26 85  1.903778205576746e+00
27 85 -2.795323783010233e-01
28 85 -4.723266577341103e+00
30 85  1.751503134248212e+00
31 85  3.690259005790729e+00
32 85  1.231114836072905e+00
34 85 -1.096547077015778e-01
35 85 -3.092544334601357e+00
1 86 -2.043989591047085e+01
2 86  1.776240308458049e+01
4 86  1.795868960700301e+00
5 86 -7.460613361585346e-01
6 86  3.339391630668346e+00
7 86  3.233360575878392e+00
8 86  1.005091828313111e+00
9 86  3.267275717358405e+00
10 86  2.328906406768834e+00
11 86  7.115162956019228e-01
12 86 -3.096373699727987e+00
13 86 -8.903527001762266e-01
15 86  2.563827682440916e-02
16 86  2.398783881319745e+00
17 86 -2.844945123297983e+00
18 86  4.653099914777156e-01
19 86  2.188207459723916e+00
20 86 -3.486601535853837e+00
22 86  1.453742238746352e-03
23 86 -2.881492213759261e+00
24 86  2.353536959836476e+00
25 86  1.344776139824162e+00
26 86  1.939056536023821e+00
27 86 -3.027065052283965e-01
28 86 -4.807052604084130e+00
30 86  1.796370842696837e+00
31 86  3.764845060330741e+00
32 86  1.242425166760708e+00
34 86 -9.773820777661923e-02
35 86 -3.127411443312783e+00
1 87 -2.081105576071431e+01
2 87  1.810820624071490e+01
4 87  1.808515776495119e+00
5 87 -7.754605808365258e-01
6 87  3.403872384997197e+00
7 87  3.277068828950543e+00
8 87  9.960945322093514e-01
9 87  3.319301224395351e+00
10 87  2.363553066125090e+00
11 87  7.248238630444971e-01
12 87 -3.176803098536238e+00
13 87 -9.290297039178832e-01
15 87  1.738524765529900e-02
16 87  2.462406811655874e+00
17 87 -2.919916245724384e+00
18 87  4.848566659652309e-01
19 87  2.232502768862694e+00
20 87 -3.587214564365329e+00
22 87  1.151547571672080e-02
23 87 -2.897176258645076e+00
24 87  2.387044758121093e+00
25 87  1.376147064164889e+00
26 87  1.971544965148808e+00
27 87 -3.262569511960595e-01
28 87 -4.887585854656218e+00
30 87  1.838671385255619e+00
31 87  3.838227723917611e+00
32 87  1.254371322812898e+00
34 87 -8.670658544073086e-02
35 87 -3.163419271151819e+00
1 88 -2.118559531244112e+01
2 88  1.845831911584625e+01
4 88  1.819090265381905e+00
5 88 -8.026738289030479e-01
6 88  3.466767779237034e+00
7 88  3.314755920529909e+00
8 88  9.886957384540639e-01
9 88  3.369836652773500e+00
10 88  2.399072006104686e+00
11 88  7.401115556757244e-01
12 88 -3.255599113500101e+00
13 88 -9.670839669347741e-01
15 88  8.521992473476840e-03
16 88  2.524737209029887e+00
17 88 -2.993087920068247e+00
18 88  5.052974363398260e-01
19 88  2.276909676081836e+00
20 88 -3.684223892172527e+00
22 88  1.857035414227162e-02
23 88 -2.912971967734810e+00
24 88  2.416295329357464e+00
25 88  1.405713509371957e+00
26 88  2.001562236299502e+00
27 88 -3.514142897869713e-01
28 88 -4.965196831638572e+00
30 88  1.880376469668105e+00
31 88  3.908046705340090e+00
32 88  1.266921183975510e+00
33 88  1.005630748050064e-02
34 88 -7.462205059738532e-02
35 88 -3.201867034609966e+00
1 89 -2.156447103370186e+01
2 89  1.881367777853266e+01
4 89  1.826963619091843e+00
5 89 -8.274518690040226e-01
6 89  3.528273955226866e+00
7 89  3.345516167667687e+00
8 89  9.825166898489142e-01
9 89  3.418950944386820e+00
10 89  2.436687184800060e+00
11 89  7.576073386910063e-01
12 89 -3.332912506155429e+00
13 89 -1.004831125430679e+00
16 89  2.586208756221209e+00
17 89 -3.064651986441006e+00
18 89  5.269734173124950e-01
19 89  2.321743934576306e+00
20 89 -3.778066293308198e+00
22 89  2.209851349357045e-02
23 89 -2.929423104607622e+00
24 89  2.440767560714057e+00
25 89  1.433138833849343e+00
26 89  2.028868767646984e+00
27 89 -3.785991957368200e-01
28 89 -5.039980940204797e+00
30 89  1.921965059100160e+00
31 89  3.973992467857867e+00
32 89  1.280278875345289e+00
33 89  3.229678969024659e-02
34 89 -6.135686119273123e-02
35 89 -3.243480358377266e+00
1 90 -2.191354928760974e+01
2 90  1.913974124794242e+01
4 90  1.833079232047186e+00
5 90 -8.508077512895407e-01
6 90  3.587468072777950e+00
7 90  3.375507716396010e+00
8 90  9.729164790013863e-01
9 90  3.465226115954161e+00
10 90  2.475987356901532e+00
11 90  7.721979935904680e-01
12 90 -3.404858572180577e+00
13 90 -1.040690372235678e+00
16 90  2.645401390008039e+00
17 90 -3.132673770620513e+00
18 90  5.476542150331235e-01
19 90  2.363627016925798e+00
20 90 -3.868482556474453e+00
22 90  2.520475335727306e-02
23 90 -2.948612436849548e+00
24 90  2.465185709697814e+00
25 90  1.457372572185281e+00
26 90  2.054799438814246e+00
27 90 -4.030092476147000e-01
28 90 -5.112360565897950e+00
30 90  1.963370509911301e+00
31 90  4.037022997377821e+00
32 90  1.292850861094259e+00
33 90  5.293456542597512e-02
34 90 -4.927575035423453e-02
35 90 -3.282588344048132e+00
1 91 -2.225019137936523e+01
2 91  1.945422919769964e+01
4 91  1.838848266801773e+00
5 91 -8.730991265796828e-01
6 91  3.644200165973813e+00
7 91  3.404175599569360e+00
8 91  9.639243594159739e-01
9 91  3.509611367789266e+00
10 91  2.513657044065865e+00
11 91  7.862815210112215e-01
12 91 -3.473561762789089e+00
13 91 -1.074922790830523e+00
16 91  2.701729562894962e+00
17 91 -3.197684544096025e+00
18 91  5.673440827436063e-01
19 91  2.403618015204424e+00
20 91 -3.954714528519025e+00
22 91  2.812774450962794e-02
23 91 -2.967278075780434e+00
24 91  2.488749939131484e+00
25 91  1.480487501010874e+00
26 91  2.079526195632234e+00
27 91 -4.260526825887073e-01
28 91 -5.181658773236605e+00
30 91  2.003042900838564e+00
31 91  4.097453498176074e+00
32 91  1.304880977163012e+00
33 91  7.252779509679952e-02
34 91 -3.774590831821801e-02
35 91 -3.320048471843752e+00
1 92 -2.256907767295651e+01
2 92  1.975260833311079e+01
4 92  1.841341807662294e+00
5 92 -8.896222414321009e-01
6 92  3.703403766007215e+00
7 92  3.432313752802475e+00
8 92  9.556098037719496e-01
9 92  3.552545583458654e+00
10 92  2.557524786215089e+00
11 92  7.979223729685172e-01
12 92 -3.538234838145066e+00
13 92 -1.109039922506073e+00
14 92 -2.639991371754624e-02
16 92  2.767638099892125e+00
17 92 -3.261261686542298e+00
18 92  5.859010507887412e-01
19 92  2.437614940517648e+00
20 92 -4.041354055187896e+00
22 92  3.947148986088437e-02
23 92 -2.983976069784251e+00
24 92  2.513237111034174e+00
25 92  1.503612502172242e+00
26 92  2.100842239121905e+00
27 92 -4.433733200329131e-01
28 92 -5.250800457231980e+00
30 92  2.042983194989468e+00
31 92  4.151944109296450e+00
32 92  1.315562536367795e+00
33 92  9.459187763868672e-02
34 92 -2.694753582805553e-02
35 92 -3.355835939425098e+00
1 93 -2.287118764917447e+01
2 93  2.003577453455695e+01
4 93  1.840584042790971e+00
5 93 -9.004540748851467e-01
6 93  3.765199121976150e+00
7 93  3.460086049954254e+00
8 93  9.480773177328387e-01
9 93  3.594253518906990e+00
10 93  2.607744233217860e+00
11 93  8.069857469615260e-01
12 93 -3.599090281205649e+00
13 93 -1.143097263238077e+00
14 93 -7.920163775268577e-02
16 93  2.842974220655583e+00
17 93 -3.323572840022098e+00
18 93  6.033277693515481e-01
19 93  2.465624923373541e+00
20 93 -4.128537882803958e+00
22 93  5.939720377597814e-02
23 93 -2.998627628137640e+00
24 93  2.538824962161017e+00
25 93  1.526814272158140e+00
26 93  2.118835782402654e+00
27 93 -4.549973551100184e-01
28 93 -5.320142700082343e+00
30 93  2.083218878034515e+00
31 93  4.200797905872169e+00
32 93  1.325001051074200e+00
33 93  1.191764803368586e-01
34 93 -1.678245985915711e-02
35 93 -3.390309104278026e+00
1 94 -2.316290125827132e+01
2 94  2.030926302188272e+01
4 94  1.839748194244622e+00
5 94 -9.106877143828583e-01
6 94  3.824413852364012e+00
7 94  3.486718634396764e+00
8 94  9.412030126518340e-01
9 94  3.634348260957034e+00
10 94  2.656045449134337e+00
11 94  8.154922107635032e-01
12 94 -3.657170295140617e+00
13 94 -1.175541443481950e+00
14 94 -1.302745141876202e-01
16 94  2.914593195854954e+00
17 94 -3.383073783026363e+00
18 94  6.198288623855862e-01
19 94  2.492092419590665e+00
20 94 -4.211604386672025e+00
22 94  7.878337543800855e-02
23 94 -3.012691665796486e+00
24 94  2.563647716141624e+00
25 94  1.548950715002743e+00
26 94  2.135916971317251e+00
27 94 -4.656704327759624e-01
28 94 -5.386714625544321e+00
30 94  2.121665790218309e+00
31 94  4.247721832127196e+00
32 94  1.334127685538624e+00
33 94  1.426000682112155e-01
34 94 -7.044135682457103e-03
35 94 -3.423624669660287e+00
1 95 -2.344264685788053e+01
2 95  2.057153047319425e+01
4 95  1.838823552020183e+00
5 95 -9.201600171019989e-01
6 95  3.880673875400673e+00
7 95  3.511947725346492e+00
8 95  9.353266831480669e-01
9 95  3.672744691740192e+00
10 95  2.702188421349575e+00
11 95  8.237170762761257e-01
12 95 -3.712181296480944e+00
13 95 -1.206252156305812e+00
14 95 -1.795737131610844e-01
16 95  2.982810189806019e+00
17 95 -3.439637295684289e+00
18 95  6.349992986216020e-01
19 95  2.517023773995223e+00
20 95 -4.290078375906682e+00
22 95  9.781395507256134e-02
23 95 -3.026370231166845e+00
24 95  2.587584227534236e+00
25 95  1.569927793015237e+00
26 95  2.151977989668480e+00
27 95 -4.751485544602191e-01
28 95 -5.449560094363669e+00
30 95  2.158434700930460e+00
31 95  4.292171413769405e+00
32 95  1.343444927060985e+00
33 95  1.646719961797872e-01
35 95 -3.455142088594274e+00
1 96 -2.370731424940777e+01
2 96  2.081957658900228e+01
4 96  1.837787841744048e+00
5 96 -9.285627711086781e-01
6 96  3.933276129589884e+00
7 96  3.535262865853898e+00
8 96  9.310964799255199e-01
9 96  3.709298988841510e+00
10 96  2.745713059592797e+00
11 96  8.321811995949289e-01
12 96 -3.763566323310610e+00
13 96 -1.234979248007516e+00
14 96 -2.270299170866636e-01
16 96  3.048143602685095e+00
17 96 -3.492988098294734e+00
18 96  6.480728513334886e-01
19 96  2.540386809290931e+00
20 96 -4.362987052070028e+00
22 96  1.168431183435377e-01
23 96 -3.040049798281948e+00
24 96  2.610424181037513e+00
25 96  1.589558405841598e+00
26 96  2.166789199489696e+00
27 96 -4.829204585152416e-01
28 96 -5.506865293748263e+00
30 96  2.193698193131334e+00
31 96  4.333101763444546e+00
32 96  1.353856556720409e+00
33 96  1.850258789711646e-01
35 96 -3.483677841940193e+00
1 97 -2.396244515096823e+01
2 97  2.105859105096286e+01
4 97  1.836506818328269e+00
5 97 -9.375951942062742e-01
6 97  3.982786325645971e+00
7 97  3.556913182168056e+00
8 97  9.267319743294592e-01
9 97  3.743820843529019e+00
10 97  2.790567666590424e+00
11 97  8.400732702278689e-01
12 97 -3.811457641199400e+00
13 97 -1.263071337720706e+00
14 97 -2.736587606394499e-01
16 97  3.110156458770626e+00
17 97 -3.546328575142584e+00
18 97  6.600551571633256e-01
19 97  2.561081846607189e+00
20 97 -4.436160584701888e+00
21 97  8.902347765541507e-03
22 97  1.355189615100512e-01
23 97 -3.055848976604206e+00
24 97  2.632582769378252e+00
25 97  1.609856656524363e+00
26 97  2.180427313739165e+00
27 97 -4.908538550316586e-01
28 97 -5.561003466783200e+00
30 97  2.228885804706848e+00
31 97  4.367640648457714e+00
32 97  1.365392653192657e+00
33 97  2.058997128486263e-01
35 97 -3.509745850658070e+00
1 98 -2.420839728429246e+01
2 98  2.128894121207639e+01
4 98  1.835062560791390e+00
5 98 -9.471091990673774e-01
6 98  4.029364602486585e+00
7 98  3.577016229442851e+00
8 98  9.222717981311038e-01
9 98  3.776438811309855e+00
10 98  2.836311967109501e+00
11 98  8.474312408599233e-01
12 98 -3.856115656911846e+00
13 98 -1.290545140991859e+00
14 98 -3.192845691683763e-01
16 98  3.169029065891363e+00
17 98 -3.599302121379897e+00
18 98  6.710504770042189e-01
19 98  2.579406954408006e+00
20 98 -4.509127486927682e+00
21 98  2.527494030952247e-02
22 98  1.537183454027896e-01
23 98 -3.073384731313753e+00
24 98  2.653981504936167e+00
25 98  1.630633568007820e+00
26 98  2.193003329175281e+00
27 98 -4.988255272421699e-01
28 98 -5.612102292685896e+00
30 98  2.263782380748978e+00
31 98  4.396494909007126e+00
32 98  1.377809086278239e+00
33 98  2.270877082529125e-01
35 98 -3.533547400764419e+00
1 99 -2.444561123483360e+01
2 99  2.151124015561629e+01
4 99  1.833701568475533e+00
5 99 -9.561338156679796e-01
6 99  4.073732367976756e+00
7 99  3.596146604089513e+00
8 99  9.181341289407303e-01
9 99  3.807603140097560e+00
10 99  2.880006499295864e+00
11 99  8.543498862646227e-01
12 99 -3.898608730170892e+00
13 99 -1.316674238754906e+00
14 99 -3.629224048067273e-01
16 99  3.224864635977179e+00
17 99 -3.649590269312054e+00
18 99  6.814386185010873e-01
19 99  2.596663194707794e+00
20 99 -4.578374703525782e+00
21 99  4.085886487308967e-02
22 99  1.711235470075394e-01
23 99 -3.090140348340951e+00
24 99  2.674471815662190e+00
25 99  1.650384746391214e+00
26 99  2.204876694805295e+00
27 99 -5.060734873587636e-01
28 99 -5.660752744979978e+00
30 99  2.296943930883579e+00
31 99  4.423993439378285e+00
32 99  1.389691615031069e+00
33 99  2.471816899162972e-01
35 99 -3.556351395447535e+00
1 100 -2.467437448190118e+01
2 100  2.172576549541624e+01
4 100  1.832423963158521e+00
5 100 -9.646904470581292e-01
6 100  4.115948788718623e+00
7 100  3.614332952066649e+00
8 100  9.142895098512767e-01
9 100  3.837335022637148e+00
10 100  2.921680724213176e+00
11 100  8.608516401049569e-01
12 100 -3.939005615419376e+00
13 100 -1.341492697485606e+00
14 100 -4.045865421010852e-01
16 100  3.277772658320348e+00
17 100 -3.697281040263542e+00
18 100  6.912477496498052e-01
19 100  2.612906148171278e+00
20 100 -4.644030178721925e+00
21 100  5.566514583523983e-02
22 100  1.877404375714520e-01
23 100 -3.106124112447866e+00
24 100  2.694063008893256e+00
25 100  1.669135271417171e+00
26 100  2.216079272940557e+00
27 100 -5.126617335075331e-01
28 100 -5.707020300985185e+00
30 100  2.328424189264465e+00
31 100  4.450185741710135e+00
32 100  1.401049856277208e+00
33 100  2.662163222699728e-01
35 100 -3.578170304461743e+00
